Title,MajorStudio,Runtime,Rating,Production Budget (in millions),In Release,Widest Release,Opening Weekend Gross,Total Gross,Critic Rating,Audience Rating,Year,MonthOfRelease,LogOpeningWeekendGross,LogProductionBudget,LogWidestRelease,LogTotalGross
Toy Story 3,1,103,G,200,168,4028,110307189,415004880,99,89,2010,6,18.51877966,19.11382792,8.301025254,19.84380084
Alice in Wonderland (2010),1,109,PG,200,126,3739,116101023,334191110,51,55,2010,3,18.56997126,19.11382792,8.226573475,19.62722357
Iron Man 2,1,125,PG-13,200,104,4390,128122480,312433331,73,73,2010,5,18.66849724,19.11382792,8.387084506,19.55990166
The Twilight Saga: Eclipse,0,124,PG-13,68,114,4468,64832191,300531751,49,60,2010,6,17.98731281,18.03501826,8.40469616,19.52106397
Harry Potter and the Deathly Hallows Part 1,1,150,PG-13,125,139,4125,125017372,295983305,78,84,2010,11,18.64396326,18.6438243,8.324821299,19.50581361
Inception,1,148,PG-13,160,175,3792,62785337,292576195,86,91,2010,7,17.95523212,18.89068437,8.240648863,19.49423569
Despicable Me,1,95,PG,69,196,3602,56397125,251513985,81,82,2010,7,17.84792874,18.04961706,8.189244526,19.34300915
Shrek Forever After,1,93,PG,165,112,4386,70838207,238736787,58,54,2010,5,18.07590906,18.92145603,8.386172929,19.29087219
How to Train Your Dragon,1,98,PG,165,119,4060,43732319,217581231,98,91,2010,3,17.59359795,18.92145603,8.308938253,19.19808281
Tangled,1,100,PG,260,191,3603,48767052,200821936,89,87,2010,11,17.70256548,19.37619219,8.189522111,19.11792918
The Karate Kid,1,140,PG,40,105,3740,55665805,176591618,66,67,2010,6,17.8348766,17.50439001,8.22684089,18.98935038
Tron Legacy,1,125,PG,170,119,3451,44026211,172062763,51,63,2010,12,17.60029572,18.951309,8.146419323,18.96336987
True Grit,1,110,PG-13,38,127,3464,24830443,171243005,96,85,2010,12,17.027581,17.45309672,8.15017927,18.95859419
Clash of the Titans (2010),1,118,PG-13,125,112,3802,61235105,163214888,28,40,2010,4,17.93023119,18.6438243,8.243282523,18.91057822
Grown Ups,1,102,PG-13,80,126,3534,40506562,162001186,10,63,2010,6,17.51697454,18.19753719,8.170185653,18.90311421
Little Fockers,1,98,PG-13,100,86,3675,30833665,148438600,10,35,2010,12,17.24411767,18.42068074,8.209308412,18.81568196
Megamind,1,96,PG,130,112,3949,46016833,148415853,72,71,2010,11,17.64451782,18.68304501,8.281217661,18.81552871
The Last Airbender,1,103,PG,150,84,3203,40325019,131772187,6,31,2010,7,17.51248265,18.82614585,8.07184315,18.69658513
Shutter Island,1,138,R,80,112,3356,41062440,128012934,69,76,2010,2,17.53060439,18.19753719,8.118505068,18.66764186
The Other Guys,1,107,PG-13,100,105,3651,35543162,119219978,79,59,2010,8,17.38625835,18.42068074,8.202756382,18.5964809
Salt,1,99,PG-13,110,98,3612,36011243,118311368,62,59,2010,7,17.39934175,18.51599092,8.192016915,18.58883042
Jackass 3-D,1,94,R,20,98,3139,50353641,117229692,64,70,2010,10,17.73458149,16.81124283,8.051659557,18.57964575
Valentine's Day,1,117,PG-13,52,84,3665,56260707,110485654,18,48,2010,2,17.84550693,17.76675428,8.206583614,18.52039624
Robin Hood,1,148,PG-13,200,84,3505,36063385,105269730,43,58,2010,5,17.40078864,19.11382792,8.161945799,18.47203647
The Chronicles of Narnia: The Voyage of the Dawn Treader,1,112,PG,155,126,3555,24005069,104386950,49,58,2010,12,16.99377557,18.85893567,8.176110342,18.46361523
The Expendables,1,103,R,80,70,3398,34825135,103068524,41,64,2010,8,17.36584995,18.19753719,8.130942302,18.45090461
Due Date,1,95,R,65,84,3365,32689406,100539043,40,52,2010,11,17.30256161,17.98989783,8.121183242,18.4260567
Yogi Bear,1,82,PG,80,112,3515,16411322,100246011,13,34,2010,12,16.61348202,18.19753719,8.164794804,18.42313783
Date Night,1,88,PG-13,55,154,3380,25207599,98711404,67,55,2010,4,17.04265605,17.82284374,8.125630988,18.40771104
The Social Network,1,120,PG-13,40,154,2921,22445653,96962694,96,86,2010,10,16.92660752,17.50439001,7.979681302,18.38983686
Sex and the City 2,1,147,R,100,85,3445,31001870,95347692,15,43,2010,5,17.24955808,18.42068074,8.144679183,18.37304068
The Book of Eli,1,118,R,80,119,3111,32789494,94835059,48,64,2010,1,17.30561872,18.19753719,8.042699497,18.36764972
The Town,1,123,R,37,112,2935,23808032,92186262,94,84,2010,9,16.98553356,17.42642847,7.984462732,18.33932168
Prince of Persia: The Sands of Time,1,115,PG-13,200,119,3646,30095259,90759676,36,58,2010,5,17.21987821,19.11382792,8.201385955,18.32372565
Red,0,111,PG-13,58,112,3349,21761408,90380162,71,72,2010,10,16.89564868,17.87595357,8.116417073,18.31953535
Percy Jackson & The Olympians: The Lightning Thief,1,120,PG,95,140,3396,31236067,88768303,49,53,2010,2,17.25708398,18.36938745,8.130353547,18.3015402
Paranormal Activity 2,1,91,R,3,91,3239,40678424,84752907,58,49,2010,10,17.52120839,14.91412285,8.083019919,18.2552506
Unstoppable,1,98,PG-13,100,119,3261,22688457,81562942,86,73,2010,11,16.93736685,18.42068074,8.089789176,18.21688557
Eat Pray Love,1,133,PG-13,60,84,3108,23104523,80574010,36,42,2010,8,16.95553896,17.90985512,8.041734711,18.2046867
Dear John,1,108,PG-13,25,84,3062,30468614,80014842,28,55,2010,2,17.23220766,17.03438638,8.026823576,18.1977227
The A-Team,1,117,PG-13,110,98,3544,25669455,77222099,47,66,2010,6,17.06081232,18.51599092,8.173011312,18.16219623
Knight & Day,1,130,PG-13,117,107,3104,20139985,76423035,53,49,2010,6,16.8182177,18.57768449,8.040446881,18.15179471
Dinner for Schmucks,1,110,PG-13,69,77,3046,23527839,73026337,42,43,2010,7,16.97369492,18.04961706,8.021584533,18.10633071
The Tourist,1,103,PG-13,100,90,2756,16472458,67631157,20,42,2010,12,16.61720033,18.42068074,7.921535632,18.02957934
The Bounty Hunter,1,106,PG-13,40,112,3118,20686423,67061228,13,51,2010,3,16.84498815,17.50439001,8.04494705,18.02111661
Diary of a Wimpy Kid,1,120,PG,15,154,3083,22126166,64003625,53,49,2010,3,16.91227145,16.52356076,8.033658428,17.97445028
The Sorcerer's Apprentice,1,111,PG,150,107,3504,17619622,63150991,41,53,2010,7,16.68452373,18.82614585,8.161660452,17.9610391
A Nightmare on Elm Street (2010),1,90,R,35,77,3332,32902299,63075011,15,44,2010,4,17.30905309,17.37085862,8.111328003,17.95983523
The Last Song,1,107,PG,20,107,2794,16007426,62950384,20,65,2010,3,16.5885633,16.81124283,7.93522954,17.95785742
The Wolfman,1,102,R,150,49,3223,31479235,61979680,34,33,2010,2,17.26483868,18.82614585,8.078067882,17.94231715
Get Him to the Greek,1,109,R,40,70,2702,17570955,60974475,73,62,2010,6,16.68175781,17.50439001,7.901747519,17.92596589
Resident Evil: Afterlife,1,100,R,60,56,3209,26650264,60128566,23,49,2010,9,17.09830961,17.90985512,8.073714641,17.91199559
Tyler Perry's Why Did I Get Married Too?,1,121,PG-13,20,70,2155,29289537,60095852,26,67,2010,4,17.19274091,16.81124283,7.675546003,17.91145138
Tooth Fairy,1,102,PG,48,154,3345,14010409,60022256,18,42,2010,1,16.45531111,17.68671157,8.115221973,17.91022598
Secretariat,1,116,PG,35,126,3108,12694770,59713955,64,76,2010,10,16.35670066,17.37085862,8.041734711,17.9050763
Easy A,1,92,PG-13,8,98,2974,17734040,58401464,85,77,2010,9,16.69099651,15.8949521,7.997663127,17.88285152
Takers,1,107,PG-13,32,84,2206,20512304,57744720,28,62,2010,8,16.83653546,17.28124646,7.6989362,17.87154247
Legend of the Guardians: The Owls of Ga'Hoole,1,90,PG,80,119,3575,16112211,55675313,50,64,2010,9,16.59508799,18.19753719,8.181720455,17.83504739
Life as We Know It,1,112,PG-13,38,112,3150,14506464,53374681,-1,50,2010,10,16.4901049,17.45309672,8.055157732,17.79284705
Letters to Juliet,0,105,PG,30,105,2975,13540486,53032453,40,62,2010,5,16.42119472,17.21670794,7.997999318,17.7864146
Wall Street: Money Never Sleeps,1,127,PG-13,70,91,3597,19011188,52474616,55,44,2010,9,16.76053821,18.0640058,8.187855444,17.77584011
Predators,1,107,R,40,98,2669,24760882,52000688,64,51,2010,7,17.02477563,17.50439001,7.889459149,17.76676751
Hot Tub Time Machine,1,100,R,36,77,2771,14020502,50287556,63,56,2010,3,16.45603124,17.3990295,7.926963545,17.73326821
Kick-Ass,1,117,R,30,77,3065,19828687,48071303,76,81,2010,4,16.80264029,17.21670794,8.027802848,17.68819595
Killers,1,100,PG-13,75,77,2859,15837266,47059963,11,41,2010,6,16.57787633,18.13299867,7.958227192,17.66693316
Saw 3D,1,91,R,20,35,2808,22530123,45710178,9,42,2010,10,16.93036377,16.81124283,7.940227765,17.63783154
Cop Out,1,110,R,30,84,3150,18211126,44875481,19,40,2010,2,16.71754328,17.21670794,8.055157732,17.61940212
Cats & Dogs: The Revenge of Kitty Galore,1,82,PG,85,84,3705,12279363,43585753,14,38,2010,7,16.32343061,18.25816181,8.217438538,17.59024089
Edge of Darkness,1,108,R,80,70,3066,17214384,43313890,56,49,2010,1,16.66125587,18.19753719,8.028129059,17.58398393
Gulliver's Travels,1,85,PG,112,111,3089,6307691,42779261,21,27,2010,12,15.65728024,18.53400943,8.035602693,17.57156399
Death at a Funeral (2010),1,90,R,21,84,2459,16217540,42739347,41,45,2010,4,16.60160393,16.860033,7.807510042,17.57063053
Step Up 3-D,1,97,PG-13,30,91,2439,15812311,42400223,46,64,2010,8,16.57629937,17.21670794,7.799343398,17.56266418
The Last Exorcism,1,100,PG-13,1.8,42,2874,20366613,41034350,72,34,2010,8,16.8294075,14.40329722,7.963460067,17.52992008
Legion (2010),1,100,R,26,59,2476,17501625,40168080,20,31,2010,1,16.67780429,17.0736071,7.814399634,17.50858321
Burlesque,1,100,PG-13,55,78,3037,11947744,39440655,37,64,2010,11,16.29605303,17.82284374,8.018625465,17.4903077
The Crazies,0,101,R,20,84,2479,16067552,39123589,71,56,2010,2,16.59231239,16.81124283,7.815610532,17.48223614
For Colored Girls,1,120,R,21,77,2127,19497324,37729698,32,73,2010,11,16.78578778,16.860033,7.662467815,17.44595809
The Back-Up Plan,0,98,PG-13,35,91,3280,12201710,37490007,18,45,2010,4,16.31708666,17.37085862,8.095598701,17.43958498
Vampires Suck,1,80,PG-13,20,86,3233,12202831,36661504,5,30,2010,8,16.31717853,16.81124283,8.081165778,17.41723783
The American,0,105,R,20,65,2833,13177790,35606376,66,38,2010,9,16.39404339,16.81124283,7.9490915,17.38803528
Green Zone,1,115,R,100,56,3004,14309295,35053660,53,57,2010,3,16.47641988,18.42068074,8.007700013,17.37239059
Marmaduke,1,87,PG,50,105,3213,11599661,33644788,9,42,2010,6,16.26648643,17.72753356,8.074960359,17.33136871
Devil,1,80,PG-13,10,63,2811,12289375,33601190,52,44,2010,9,16.32424563,16.11809565,7.941295571,17.33007204
When in Rome,1,91,PG-13,40,77,2456,12350041,32680633,16,41,2010,1,16.32916994,17.50439001,7.806289289,17.3022932
Love and Other Drugs,1,113,R,30,86,2458,9739161,32367005,49,53,2010,11,16.09166553,17.21670794,7.80710329,17.2926501
She's Out of My League,1,104,R,20,69,2958,9775278,32010860,58,59,2010,3,16.0953671,16.81124283,7.992268643,17.28158578
Scott Pilgrim vs. the World,1,113,PG-13,60,56,2820,10609795,31524275,82,83,2010,8,16.17728819,17.90985512,7.944492164,17.26626844
Charlie St. Cloud,1,90,PG-13,44,49,2725,12381585,31162545,27,61,2010,7,16.33172085,17.59970019,7.910223707,17.25472745
Morning Glory,1,102,PG-13,40,72,2544,9203266,31011732,55,51,2010,11,16.03506898,17.50439001,7.841492924,17.24987614
How Do You Know,1,116,PG-13,120,41,2483,7484696,30212620,32,25,2010,12,15.82837096,18.6030023,7.817222786,17.22377028
Daybreakers,1,98,R,20,35,2523,15146692,30101577,67,49,2010,1,16.53329272,16.81124283,7.833203949,17.22008812
Nanny McPhee Returns,1,100,PG,35,70,2798,8407685,29011215,76,55,2010,8,15.94465673,17.37085862,7.936660155,17.18319304
The Switch,1,100,PG-13,19,91,2017,8436713,27779426,51,45,2010,8,15.94810334,16.75994954,7.609366538,17.13980623
Brooklyn's Finest,0,133,R,17,77,1939,13350299,27163593,43,46,2010,3,16.40704934,16.6487239,7.569927655,17.11738814
Machete,1,105,R,10.5,77,2678,11416164,26593646,72,64,2010,9,16.2505408,16.16688582,7.892825526,17.09618287
Ramona and Beezus,1,104,G,15,112,2719,7810481,26167002,70,72,2010,7,15.87097711,16.52356076,7.908019445,17.08000971
Leap Year,1,97,PG,19,56,2512,9202815,25918920,21,47,2010,1,16.03501997,16.75994954,7.828834528,17.07048376
You Again,1,105,PG,20,84,2548,8407513,25702053,17,43,2010,9,15.94463627,16.81124283,7.843064017,17.06208143
Alpha and Omega,1,88,PG,20,77,2625,9106906,25107267,16,41,2010,9,16.02454358,16.81124283,7.872836175,17.03866788
Piranha 3D,1,89,R,24,91,2491,10106872,25003155,73,44,2010,8,16.12872615,16.99356439,7.820439515,17.03451257
Lottery Ticket,1,99,PG-13,17,77,1974,10652297,24719879,34,44,2010,8,16.18128611,16.6487239,7.58781722,17.0231183
The Spy Next Door,1,92,PG,28,49,2924,9726056,24307086,12,40,2010,1,16.09031903,17.14771507,7.980707821,17.00627847
From Paris with Love,1,95,R,52,35,2722,8158860,24077427,37,54,2010,2,15.91461501,17.76675428,7.909122183,16.99678532
The Losers,1,98,PG-13,25,63,2936,9406348,23591432,49,54,2010,4,16.05689534,17.03438638,7.98480339,16.97639415
Faster,0,98,R,24,79,2470,8523153,23240020,43,49,2010,11,15.9582969,16.99356439,7.81197343,16.96138635
Just Wright,1,111,PG,12,83,1831,8284989,21540363,45,61,2010,5,15.92995588,16.30041721,7.512617545,16.88543908
Skyline,1,100,PG-13,10,42,2883,11692415,21393620,15,18,2010,11,16.2744509,16.11809565,7.966586698,16.8786033
The Next Three Days,1,122,PG-13,30,49,2564,6542779,21148651,52,66,2010,11,15.69387256,17.21670794,7.849323818,16.86708668
Our Family Wedding,1,90,PG-13,14,97,1609,7629862,20255281,13,48,2010,3,15.84758032,16.45456789,7.383368147,16.82392611
Remember Me,0,128,PG-13,16,63,2215,8089139,19068240,27,68,2010,3,15.90603286,16.58809928,7.703007682,16.76353468
Going the Distance,1,97,R,32,49,3030,6884964,17804299,53,53,2010,9,15.74485046,17.28124646,8.016317899,16.6949505
Furry Vengeance,0,92,PG,35,77,3002,6627564,17630465,8,31,2010,4,15.70674787,17.37085862,8.007034012,16.68513893
Splice,1,104,R,30,63,2450,7385277,17010170,74,37,2010,6,15.81499898,17.21670794,7.803843304,16.64932196
Youth in Revolt,1,90,R,18,104,1873,6888334,15281286,66,52,2010,1,15.74533981,16.70588232,7.535296702,16.5421395
My Soul to Take,1,107,R,25,28,2572,6842220,14744435,9,26,2010,10,15.7386228,17.03438638,7.852439085,16.50637628
Repo Men,1,111,R,32,35,2521,6126170,13794835,22,41,2010,3,15.62808032,17.28124646,7.832410927,16.4398048
Case 39,0,109,R,26,49,2212,5350570,13261851,22,40,2010,10,15.49271366,17.0736071,7.701652363,16.40040213
Let Me In,0,115,R,20,70,2042,5147479,12134935,88,76,2010,10,15.45401764,16.81124283,7.621684999,16.31159904
Extraordinary Measures,0,106,PG,31,21,2549,6012594,12068313,28,53,2010,1,15.60936683,17.24949776,7.843456404,16.30609382
Jonah Hex,1,81,PG-13,47,56,2825,5379365,10547117,12,20,2010,6,15.4980809,17.66565816,7.946263644,16.17136311
Blue Valentine,1,112,R,1,114,450,193728,9706328,87,76,2010,12,12.17421039,13.81551056,6.109247583,16.0882886
Fair Game (2010),0,108,PG-13,22,105,436,651082,9540691,79,65,2010,11,13.38639087,16.90655301,6.077642243,16.07107647
Get Low,1,100,PG-13,7,210,570,88182,9176933,84,75,2010,7,11.38715814,15.76142071,6.345636361,16.03220361
MacGruber,1,88,R,10,21,2551,4043495,8525600,47,33,2010,5,15.21261997,16.11809565,7.844240718,15.95858396
Cyrus,1,92,R,7,118,454,181716,7468936,80,53,2010,6,12.11020031,15.76142071,6.118097198,15.82626311
City Island,0,100,PG-13,6,168,269,32001,6671036,81,80,2010,3,10.37352243,15.60727003,5.59471138,15.71328573
The Last Station,1,112,R,18,161,354,73723,6617867,71,67,2010,1,11.20807011,16.70588232,5.869296913,15.70528367
Winter's Bone,0,100,R,2,315,141,84797,6531503,94,76,2010,6,11.34801544,14.50865774,4.94875989,15.69214764
It's Kind of a Funny Story,0,101,PG-13,8,49,757,2013406,6363628,58,66,2010,10,14.51533837,15.8949521,6.629363253,15.66610921
The Warrior's Way,0,100,R,42,63,1622,3048665,5666340,29,47,2010,12,14.93021435,17.55318018,7.391415235,15.55005396
Solitary Man,0,90,R,15,140,177,94936,4360548,81,50,2010,5,11.46095826,16.52356076,5.176149733,15.2881083
Greenberg,0,107,R,,70,186,118152,4234170,75,42,2010,3,11.67972721,,5.225746674,15.25869788
Please Give,1,90,R,3,175,272,118123,4033574,86,64,2010,4,11.67948173,14.91412285,5.605802066,15.21016339
To Save a Life,0,120,PG-13,0.5,77,441,1581517,3777210,33,82,2010,1,14.27389507,13.12236338,6.089044875,15.1444962
The Runaways,0,109,R,10,77,244,805115,3573673,69,55,2010,3,13.5987404,16.11809565,5.497168225,15.08910448
You Will Meet a Tall Dark Stger,1,98,R,22,142,402,160103,3248246,46,34,2010,9,11.98357264,16.90655301,5.996452089,14.99362572
Another Year,1,129,PG-13,8,149,236,111869,3205706,93,74,2010,12,11.62508382,15.8949521,5.463831805,14.9804429
Chloe,1,96,R,14,112,350,900688,3075255,51,39,2010,3,13.71091419,16.45456789,5.857933154,14.93889838
Letters to God,0,110,PG,3,84,897,1088873,2848578,25,74,2010,4,13.90065377,14.91412285,6.799055862,14.86233048
N'Secure,0,109,R,1.6,35,486,1166406,2595644,,46,2010,10,13.96943778,14.28551419,6.186208624,14.76934521
Never Let Me Go,1,104,R,15,92,232,111734,2434652,71,71,2010,9,11.62387633,16.52356076,5.446737372,14.70531439
Rabbit Hole,1,92,PG-13,5,112,131,53778,2229058,86,72,2010,12,10.89261974,15.42494847,4.875197323,14.61708963
I Love You Phillip Morris,0,100,R,13,133,100,112520,2037459,72,61,2010,12,11.63088626,16.38045992,4.605170186,14.527214
Harry Brown,0,103,R,7.3,105,67,173353,1818681,64,75,2010,4,12.06308526,15.80338491,4.204692619,14.41362207
Stone,0,105,R,22,84,125,75766,1810078,51,21,2010,10,11.23540492,16.90655301,4.828313737,14.4088805
Somewhere,0,98,R,7,72,83,119086,1785645,72,47,2010,12,11.6876012,15.76142071,4.418840608,14.39529025
Flipped,1,90,PG,14,70,442,224233,1755212,55,78,2010,8,12.32044097,16.45456789,6.091309882,14.37810021
The Joneses,0,95,R,10,91,217,509689,1475746,62,46,2010,4,13.14155601,16.11809565,5.379897354,14.20467418
Mother and Child,1,125,R,7,168,119,43040,1110509,79,76,2010,5,10.66988519,15.76142071,4.779123493,13.92032903
Made in Dagenham,1,113,R,7.2,147,89,37563,1095369,80,75,2010,11,10.5337748,15.78959158,4.48863637,13.90660185
La Mission,0,117,R,3,122,47,49046,1062941,48,73,2010,4,10.80051391,14.91412285,3.850147602,13.87655015
Buried,1,100,R,2,49,107,100268,1044143,87,64,2010,9,11.51560188,14.50865774,4.672828834,13.85870701
The Perfect Game,0,118,PG,12.5,28,417,511698,1037071,57,68,2010,4,13.14548989,16.3412392,6.033086222,13.85191095
What If...,0,100,PG,,188,82,49770,814906,40,65,2010,8,10.81516767,,4.406719247,13.61082805
Middle Men,0,105,R,20,20,252,325641,754301,40,56,2010,8,12.69355083,16.81124283,5.529429088,13.53354677
The Virginity Hit,1,86,R,2,13,700,301885,636706,29,31,2010,9,12.61780143,14.50865774,6.551080335,13.36406329
Howl,0,90,R,,139,29,51185,617334,63,58,2010,9,10.8432018,,3.36729583,13.33316549
All Good Things,0,101,R,20,126,35,37172,582024,32,38,2010,12,10.52331107,16.81124283,3.555348061,13.27426696
Jack Goes Boating,0,89,R,,91,90,28916,541992,68,49,2010,9,10.27215035,,4.49980967,13.20300652
Standing Ovation,0,106,PG,5.6,14,625,343125,531806,6,48,2010,7,12.74585009,15.53827716,6.43775165,13.18403404
Preacher's Kid,0,101,PG-13,7,77,109,190638,515065,50,64,2010,1,12.15813162,15.76142071,4.691347882,13.15204839
The City of Your Final Destination,0,114,PG-13,8.3,122,26,24401,493296,38,38,2010,4,10.10237939,15.93176607,3.258096538,13.10886468
The Extra Man,0,108,R,7,91,33,18861,453377,43,38,2010,7,9.844851577,15.76142071,3.496507561,13.02447929
I'm Still Here,0,108,R,,56,120,96658,408983,53,38,2010,9,11.47893425,,4.787491743,12.92142887
Harry Potter and the Deathly Hallows Part 2,1,130,PG-13,125,133,4375,169189427,381011219,96,89,2011,7,18.94652952,18.6438243,8.383661799,19.75833938
Transformers: Dark of the Moon,1,154,PG-13,195,107,4088,97852865,352390543,36,56,2011,6,18.39897553,19.08851012,8.315811132,19.68025062
The Twilight Saga: Breaking Dawn Part 1,0,108,PG-13,110,98,4066,138122261,281287133,24,59,2011,11,18.7436498,18.51599092,8.310414994,19.45488653
The Hangover Part II,1,102,R,80,113,3675,85946294,254464305,34,53,2011,5,18.26923317,18.19753719,8.209308412,19.35467113
Pirates of the Caribbean: On Stranger Tides,1,137,PG-13,250,133,4164,90151958,241071802,33,54,2011,5,18.31700723,19.33697148,8.33423143,19.30060538
Fast Five,1,130,PG-13,125,105,3793,86198765,209837675,77,82,2011,4,18.27216641,18.6438243,8.240912542,19.16184481
Cars 2,1,113,G,200,175,4115,66135507,191452396,39,51,2011,6,18.00721633,19.11382792,8.322394113,19.07014975
Sherlock Holmes: A Game of Shadows,1,128,PG-13,125,112,3703,39637079,186848418,60,77,2011,12,17.49527558,18.6438243,8.216898581,19.04580825
Thor,1,115,PG-13,150,112,3963,65723338,181030624,77,76,2011,5,18.00096464,18.82614585,8.284756593,19.01417677
Rise of the Planet of the Apes,1,110,PG-13,93,132,3691,54806191,176760185,82,77,2011,8,17.81931372,18.34811005,8.213652703,18.99030448
Captain America: The First Avenger,1,125,PG-13,140,112,3715,65058524,176654505,79,74,2011,7,17.99079779,18.75715298,8.220133957,18.98970643
The Help,1,137,PG-13,25,212,3014,26044590,169708112,76,89,2011,8,17.07532063,17.03438638,8.011023379,18.94959053
Bridesmaids,1,125,R,32.5,140,2958,26247410,169106725,90,76,2011,5,17.08307788,17.29675065,7.992268643,18.94604058
Kung Fu Panda 2,1,91,PG,150,127,3952,47656302,165249063,81,74,2011,5,17.67952544,18.82614585,8.281977059,18.92296437
Puss in Boots,1,90,PG,130,126,3963,34077439,149260504,84,68,2011,10,17.34414611,18.68304501,8.284756593,18.82120369
X-Men: First Class,1,131,PG-13,160,119,3692,55101604,146408305,87,87,2011,6,17.82468938,18.89068437,8.213923596,18.80190989
Rio,1,96,G,90,147,3842,39225962,143619809,72,71,2011,4,17.48484938,18.31532023,8.253748343,18.78268015
The Smurfs,1,86,PG,110,140,3427,35611637,142614158,22,44,2011,7,17.38818302,18.51599092,8.139440522,18.77565335
Alvin and the Chipmunks: Chipwrecked,1,87,G,75,175,3734,23244744,133110742,12,52,2011,12,16.9615896,18.13299867,8.225235324,18.70669199
Super 8,1,112,PG-13,50,112,3424,35451168,127004179,82,75,2011,6,17.38366676,17.72753356,8.138564737,18.65973055
Rango,1,107,PG,135,125,3923,38079323,123477607,88,69,2011,3,17.45518199,18.72078534,8.274611946,18.63157038
Horrible Bosses,1,100,R,35,112,3134,28302165,117538559,69,70,2011,7,17.15844886,17.37085862,8.050065423,18.582277
Green Lantern,1,105,PG-13,200,105,3816,53174303,116601172,26,46,2011,6,17.78908581,19.11382792,8.246958033,18.57426988
Hop,1,90,PG,63,77,3616,37543710,108085305,25,53,2011,4,17.44101641,17.95864528,8.193123722,18.49843133
Paranormal Activity 3,1,81,R,5,77,3329,52568183,104028807,68,51,2011,10,17.77762161,15.42494847,8.110427238,18.46017841
Just Go With It,1,110,PG-13,80,98,3548,30514732,103028109,19,60,2011,2,17.23372014,18.19753719,8.174139343,18.45051241
The Girl with the Dragon Tattoo (2011),1,160,R,90,93,2950,12768604,102515793,86,86,2011,12,16.3624999,18.31532023,7.989560449,18.44552742
Bad Teacher,1,89,R,20,112,3049,31603106,100292856,45,36,2011,6,17.26876596,16.81124283,8.022568947,18.42360502
Cowboys & Aliens,1,118,PG-13,163,98,3754,36431290,100240551,44,44,2011,7,17.41093858,18.90926076,8.230577217,18.42308337
Gnomeo and Juliet,1,84,G,36,132,3037,25356909,99967670,55,55,2011,2,17.0485618,17.3990295,8.018625465,18.42035739
The Green Hornet,1,108,PG-13,120,97,3584,33526876,98780042,43,43,2011,1,17.32785794,18.6030023,8.184234774,18.40840614
The Muppets,1,120,PG,45,135,3440,29239026,88631237,96,80,2011,11,17.19101488,17.62217305,8.14322675,18.29999492
Real Steel,1,127,PG-13,110,133,3440,27319677,85468508,60,73,2011,10,17.12311777,18.51599092,8.14322675,18.26365854
"Crazy, Stupid, Love",1,107,PG-13,50,119,3020,19104303,84351197,78,77,2011,7,16.76542416,17.72753356,8.01301211,18.25049956
Battle: Los Angeles,1,116,PG-13,70,83,3417,35573187,83552429,35,48,2011,3,17.38710274,18.0640058,8.136518252,18.24098488
Immortals,0,110,R,75,105,3120,32206425,83504017,35,49,2011,11,17.28767652,18.13299867,8.045588281,18.2404053
Zookeeper,1,104,PG,80,112,3482,20065617,80360843,14,41,2011,7,16.81451831,18.19753719,8.15536212,18.20203759
Limitless,0,105,PG-13,27,112,2838,18907302,79249455,70,73,2011,3,16.75505875,17.11134742,7.950854858,18.18811109
Tower Heist,1,104,PG-13,75,91,3870,24025190,78046570,68,49,2011,11,16.99461342,18.13299867,8.261009786,18.17281626
The Adventures of Tintin,1,101,PG,130,93,3087,9720993,77591831,75,74,2011,12,16.08979833,18.68304501,8.034955025,18.16697271
Contagion,1,105,PG-13,60,98,3222,22403596,75658097,84,62,2011,9,16.92473204,17.90985512,8.077757564,18.14173502
We Bought a Zoo,1,124,PG,50,147,3170,9360434,75624550,66,72,2011,12,16.05200221,17.72753356,8.061486867,18.14129152
Moneyball,1,126,PG-13,50,133,3018,19501302,75605492,94,86,2011,9,16.78599179,17.72753356,8.012349639,18.14103948
Jack and Jill,1,91,PG,79,112,3438,25003575,74158157,3,38,2011,11,17.03452937,18.18495841,8.142645186,18.12171063
Hugo,1,127,PG,180,142,2608,11364505,73864507,94,78,2011,11,16.24600546,19.00846741,7.866338923,18.11774299
Dolphin Tale,1,112,PG,37,126,3515,19152401,72286779,82,81,2011,9,16.76793864,17.42642847,8.164794804,18.09615181
No Strings Attached,1,110,R,25,77,3050,19652921,70662220,49,52,2011,1,16.79373654,17.03438638,8.02289687,18.07342162
Mr. Popper's Penguins,1,95,PG,55,122,3342,18445355,68224452,48,54,2011,6,16.73032314,17.82284374,8.114324709,18.03831359
Happy Feet Two,1,105,PG,135,112,3611,21237068,64006466,46,61,2011,11,16.8712587,18.72078534,8.191740021,17.97449467
Unknown,1,109,PG-13,30,84,3043,21856389,63686397,55,55,2011,2,16.90000384,17.21670794,8.02059915,17.96948155
The Adjustment Bureau,1,99,PG-13,50.2,84,2847,21157730,62495645,72,67,2011,3,16.86751588,17.73152558,7.954021087,17.95060743
Water for Elephants,1,120,PG-13,38,112,2820,16842353,58709717,60,70,2011,4,16.63940728,17.45309672,7.944492164,17.88811581
The Lincoln Lawyer,1,119,R,40,126,2707,13206453,58009200,83,81,2011,3,16.39621613,17.50439001,7.90359629,17.87611218
Friends with Benefits,1,120,R,35,63,2926,18622150,55802754,70,66,2011,7,16.73986229,17.37085862,7.981391582,17.83733378
I Am Number Four,1,104,PG-13,60,105,3156,19449893,55100437,33,58,2011,2,16.78335213,17.90985512,8.057060682,17.82466821
Source Code,0,94,PG-13,32,105,2971,14812094,54712227,92,81,2011,4,16.51095457,17.28124646,7.996653875,17.81759777
New Year's Eve,1,117,PG-13,56,77,3505,13019180,54544638,7,46,2011,12,16.38193421,17.84086225,8.161945799,17.81452997
Insidious,0,98,PG-13,1.5,161,2419,13271464,54009150,66,61,2011,4,16.40112672,14.22097567,7.791109511,17.80466403
Tyler Perry's Madea's Big Happy Family,1,105,PG-13,25,91,2288,25068677,53345287,38,74,2011,4,17.0371297,17.03438638,7.735433352,17.79229619
Diary of a Wimpy Kid: Rodrick Rules,1,96,PG,21,112,3169,23751502,52698535,48,62,2011,3,16.98315633,16.860033,8.06117136,17.78009821
Footloose (2011),1,113,PG-13,24,91,3555,15556113,51802742,71,61,2011,10,16.55996424,16.99356439,8.176110342,17.76295364
The Dilemma,1,118,PG-13,70,49,2943,17816230,48475290,24,29,2011,1,16.6956204,18.0640058,7.987184748,17.69656474
Arthur Christmas,1,97,PG,85,51,3376,12068931,46462469,91,76,2011,11,16.30614502,18.25816181,8.124446856,17.65415543
Hall Pass,1,98,R,36,77,2950,13535374,45060734,34,41,2011,2,16.42081711,17.3990295,7.989560449,17.62352178
Soul Surfer,0,105,PG,18,104,2240,10601862,43853424,46,76,2011,4,16.1765402,16.70588232,7.714231145,17.59636336
Final Destination 5,1,95,R,40,63,3155,18031396,42587643,61,52,2011,8,16.70762502,17.50439001,8.056743775,17.5670747
The Ides of March,1,102,R,12.5,98,2199,10470143,40962534,85,73,2011,10,16.16403824,16.3412392,7.695757991,17.5281684
Hanna,0,111,PG-13,30,91,2545,12370549,40259119,72,66,2011,4,16.33082912,17.21670794,7.841885929,17.5108471
Something Borrowed,1,103,PG-13,35,84,2904,13945368,39046489,15,48,2011,5,16.45065797,17.37085862,7.973844376,17.48026352
Spy Kids: All the Time in the World,1,88,PG,27,119,3305,11644672,38538188,22,38,2011,8,16.27035929,17.11134742,8.103191752,17.4671602
Scream 4,1,103,R,40,77,3314,18692090,38180928,58,55,2011,4,16.743611,17.50439001,8.105911198,17.45784668
"Big Mommas: Like Father, Like Son",1,107,PG-13,32,98,2821,16300803,37915414,5,58,2011,2,16.60672493,17.28124646,7.944846711,17.45086829
Red Riding Hood,1,100,PG-13,42,77,3030,14005335,37662162,10,39,2011,3,16.45494889,17.55318018,8.016317899,17.44416649
In Time,1,109,PG-13,40,98,3127,12050368,37520095,36,51,2011,10,16.30460576,17.50439001,8.047829357,17.44038721
Paul,1,100,R,40,63,2806,13043310,37412945,71,61,2011,3,16.38378592,17.50439001,7.939515261,17.43752733
J. Edgar,1,137,R,35,107,1985,11217324,37306030,43,45,2011,11,16.23296993,17.37085862,7.593374193,17.43466553
The Roommate,1,93,PG-13,16,48,2534,15002635,37300107,4,27,2011,2,16.52373641,16.58809928,7.837554361,17.43450675
Jumping the Broom,0,113,PG-13,6.6,56,2035,15215487,37295394,56,59,2011,5,16.53782435,15.70258021,7.618251098,17.43438039
The Change-Up,1,101,R,52,56,2913,13531115,37081475,25,47,2011,8,16.42050241,17.76675428,7.976938757,17.42862808
30 Minutes or Less,1,83,R,28,49,2888,13330118,37053924,45,41,2011,8,16.40553654,17.14771507,7.9683195,17.42788482
Sucker Punch,1,120,PG-13,82,63,3033,19058199,36392502,23,47,2011,3,16.76300796,18.22222981,8.017307508,17.40987332
Larry Crowne,1,99,PG-13,30,49,2976,13096065,35608245,35,41,2011,7,16.38782236,17.21670794,7.998335396,17.38808777
A Very Harold & Kumar 3D Christmas,1,89,R,19,70,2875,12954142,35061031,68,59,2011,11,16.37692614,16.75994954,7.963807953,17.37260084
Drive (2011),0,103,R,15,146,2904,11340461,35060689,93,78,2011,9,16.24388751,16.52356076,7.973844376,17.37259109
50/50,0,99,R,8,91,2479,8644095,35014192,20,33,2011,9,15.97238699,15.8949521,7.815610532,17.37126402
Courageous,0,130,PG-13,2,119,1214,9112839,34522221,30,86,2011,9,16.02519486,14.50865774,7.101675972,17.35711376
The Rite,1,112,PG-13,37,70,2985,14789393,33047633,21,41,2011,1,16.50942079,17.42642847,8.001355026,17.3134605
Arthur (2011),1,110,PG-13,40,63,3276,12222756,33035397,26,45,2011,4,16.31881002,17.50439001,8.094378445,17.31309018
The Debt,0,113,R,20,65,1874,9909499,31177548,77,66,2011,8,16.10900435,16.81124283,7.535830463,17.25520878
The Sitter,1,100,R,25,70,2752,9851435,30441326,21,40,2011,12,16.10312769,17.03438638,7.920083199,17.23131165
Priest,1,87,PG-13,60,41,2864,14953664,29136626,16,46,2011,5,16.52046691,17.90985512,7.959974528,17.18750657
The Mechanic,0,100,R,40,70,2704,11422006,29121498,53,51,2011,1,16.2510524,17.50439001,7.902487437,17.18698722
Abduction,1,106,PG-13,35,84,3118,10925253,28087155,4,43,2011,9,16.20658746,17.37085862,8.04494705,17.15082291
Beastly,0,95,PG-13,17,77,1959,9851102,27865571,21,48,2011,3,16.10309389,16.6487239,7.580189418,17.14290247
Winnie the Pooh,1,63,G,30,70,2405,7857076,26692846,90,80,2011,7,15.87692509,17.21670794,7.785305183,17.09990615
Killer Elite,0,100,R,70,56,2986,9352008,25124966,25,43,2011,9,16.05110164,18.0640058,8.001689978,17.03937257
Season of the Witch,0,98,PG-13,40,76,2827,10612375,24827228,10,31,2011,1,16.17753133,17.50439001,7.946971358,17.02745151
Our Idiot Brother,1,90,R,5,91,2555,7011631,24816118,67,52,2011,8,15.7630809,15.42494847,7.845807503,17.02700392
Don't Be Afraid of the Dark,0,100,R,25,84,2780,8525728,24046682,58,34,2011,8,15.95859897,17.03438638,7.930206207,16.99550758
Monte Carlo,1,109,PG,20,90,2473,7453944,23186769,38,49,2011,7,15.82425385,16.81124283,7.813187268,16.95909237
Your Highness,1,102,R,49.9,42,2772,9360020,21596445,27,34,2011,4,16.05195799,17.72553156,7.92732436,16.88803928
Mars Needs Moms,1,88,PG,150,105,3117,6914488,21392758,37,41,2011,3,15.74912948,18.82614585,8.04462628,16.87856301
Dream House,1,92,PG-13,50,49,2664,8129355,21302340,6,36,2011,9,15.91099214,17.72753356,7.887584032,16.87432748
Conan the Barbarian (2011),1,112,R,90,49,3015,10021215,21295021,24,30,2011,8,16.1202149,18.31532023,8.011355109,16.87398385
The Three Musketeers (2011),0,110,PG-13,75,70,3017,8674452,20374484,24,40,2011,10,15.97589271,18.13299867,8.012018239,16.82979389
The Eagle,0,114,PG-13,25,56,2296,8684464,19490041,39,41,2011,2,15.97704624,17.03438638,7.738923757,16.78541418
Shark Night 3D,0,95,PG-13,25,84,2848,8404260,18877153,17,22,2011,9,15.94424928,17.03438638,7.954372273,16.75346291
Fright Night (2011),1,106,R,30,84,3114,7714388,18302607,72,59,2011,8,15.85859771,17.21670794,8.043663352,16.72255407
Apollo 18,1,86,PG-13,5,84,3330,8704271,17687709,24,23,2011,9,15.97932438,15.42494847,8.110727583,16.68838055
The Thing (2011),1,103,R,38,35,2996,8493665,16928670,35,43,2011,10,15.95483115,17.45309672,8.005033345,16.64451919
Judy Moody and the NOT Bummer Summer,0,91,PG,20,70,2524,6076859,15013650,19,41,2011,6,15.61999851,16.81124283,7.833600224,16.52447035
What's Your Number?,1,106,R,20,56,3011,5421669,14011084,23,44,2011,9,15.50591426,16.81124283,8.010027528,16.45535929
One Day,0,107,PG-13,15,35,1725,5079566,13843771,36,49,2011,8,15.44073638,16.52356076,7.452982329,16.44334594
Warrior,1,139,PG-13,25,56,1883,5242107,13657115,83,92,2011,9,15.47223407,17.03438638,7.540621529,16.42977119
The Tree of Life,1,138,PG-13,32,154,237,372920,13303319,84,60,2011,5,12.8291192,17.28124646,5.468060141,16.40352411
The Rum Diary,0,120,R,45,56,2292,5135369,13109815,50,36,2011,10,15.45166226,17.62217305,7.737180078,16.38887174
Glee The 3D Concert Movie,1,100,PG,9,49,2040,5961231,11862398,60,65,2011,8,15.60078756,16.01273514,7.620705087,16.28888412
The Conspirator,0,122,PG-13,25,154,849,3506602,11538204,55,62,2011,4,15.07015804,17.03438638,6.744059186,16.26117417
Jane Eyre,0,121,PG-13,,126,319,182885,11242660,84,76,2011,3,12.11661282,,5.765191103,16.23522603
Drive Angry,0,104,R,50,56,2290,5187625,10721033,45,37,2011,2,15.46178654,17.72753356,7.736307097,16.18771807
Straw Dogs (2011),1,105,R,25,27,2408,5123760,10324441,41,34,2011,9,15.4493991,17.03438638,7.786551806,16.15002455
Win Win,1,106,R,,126,388,150362,10179275,94,85,2011,3,11.920801,,5.96100534,16.13586435
Hoodwinked Too! Hood vs. Evil,1,85,PG,30,84,2505,4108630,10143779,11,36,2011,4,15.2286002,17.21670794,7.826044014,16.13237117
Prom,1,103,PG,8,56,2730,4712638,10130219,36,40,2011,4,15.36575839,15.8949521,7.912056888,16.13103349
I Don't Know How She Does It,1,95,PG-13,24,70,2490,4402201,9662284,17,32,2011,9,15.2976152,16.99356439,7.820037989,16.08374062
Johnny English Reborn,1,101,PG,45,35,1554,3833300,8305970,39,45,2011,10,15.15923661,17.62217305,7.348587531,15.93248509
Kevin Hart: Laugh at My Pain,0,89,R,0.8,98,287,1908420,7706436,71,85,2011,9,14.46178623,13.59236701,5.659482216,15.85756638
The Big Year,1,100,PG,41,48,2150,3251884,7204138,40,40,2011,10,14.99474508,17.52908262,7.673223121,15.79016614
Take Me Home Tonight,0,114,R,19,49,2003,3464679,6928068,28,42,2011,3,15.05813055,16.75994954,7.602401336,15.75109154
Cedar Rapids,1,86,R,,105,462,302968,6861102,85,60,2011,2,12.62138247,,6.135564891,15.74137863
Beginners,0,104,R,3.2,98,170,141340,5790894,84,77,2011,6,11.85892361,14.97866137,5.135798437,15.57179724
Margin Call,0,109,R,3.5,119,199,561906,5354039,88,74,2011,10,13.23908986,15.06827353,5.293304825,15.49336179
Atlas Shrugged: Part I,0,102,PG-13,20,35,465,1686347,4627375,11,70,2011,4,14.33807521,16.81124283,6.142037406,15.34750031
The Company Men,1,105,R,15,119,277,647797,4441272,67,55,2011,1,13.38133265,16.52356076,5.624017506,15.30645138
Barney's Version (U.S. only),1,132,R,30,161,281,65241,4439201,80,79,2011,1,11.08584338,17.21670794,5.638354669,15.30598496
The Way,0,115,PG-13,,161,283,110418,4430765,82,83,2011,10,11.61202844,,5.645446898,15.30408281
Seven Days in Utopia,0,98,G,7.5,63,561,1316910,4373074,14,69,2011,9,14.09079864,15.83041358,6.329720906,15.29097675
Shame,1,99,NC-17,6.5,105,95,349519,3909002,79,75,2011,12,12.7643132,15.68731273,4.553876892,15.17879266
Like Crazy,0,89,PG-13,0.3,77,162,123140,3395391,73,61,2011,10,11.7210772,12.61153775,5.087596335,15.03792948
From Prada to Nada,1,107,PG-13,7,63,261,1115638,3033623,21,41,2011,1,13.924937,15.76142071,5.564520407,14.92526817
Martha Marcy May Marlene,1,120,R,1,69,183,137651,2990625,90,71,2011,10,11.83247678,13.81551056,5.209486153,14.91099295
Everything Must Go,0,100,R,5,126,245,791676,2711643,75,53,2011,5,13.5819075,15.42494847,5.501258211,14.81306528
The Way Back,0,119,PG-13,30,42,678,1218868,2701859,75,72,2011,1,14.01343312,17.21670794,6.519147288,14.80945061
Carnage (2011),1,79,R,25,140,494,79795,2547047,71,66,2011,12,11.28721612,17.03438638,6.202535517,14.75044521
Bucky Larson: Born to Be a Star,1,96,R,10,14,1500,1415023,2529395,0,25,2011,9,14.16265634,16.11809565,7.313220387,14.7434907
The Grace Card,0,90,PG-13,0.2,56,352,1010299,2430735,35,82,2011,2,13.82575688,12.20607265,5.863631176,14.70370424
The Mighty Macs,0,102,G,7,42,975,963221,1891936,46,64,2011,10,13.77803816,15.76142071,6.882437471,14.4531112
A Better Life,0,97,PG-13,10,70,216,62087,1759252,84,79,2011,6,11.03629191,16.11809565,5.375278408,14.38039928
We Need to Talk About Kevin,0,112,R,7,164,80,24587,1738692,76,78,2011,12,10.10997313,15.76142071,4.382026635,14.36864366
Take Shelter,1,120,R,5,175,91,52041,1730296,92,81,2011,9,10.85978715,15.42494847,4.510859507,14.36380305
The Art of Getting By,1,84,PG-13,5,28,610,679160,1430241,18,47,2011,6,13.42861202,15.42494847,6.413458957,14.17335352
Another Earth,1,92,PG-13,0.1,77,94,77740,1321194,63,66,2011,7,11.2611252,11.51292546,4.543294782,14.09404643
Kill the Irishman,0,106,R,12,112,56,145430,1188194,63,68,2011,3,11.88745015,16.30041721,4.025351691,13.98794507
Dylan Dog: Dead of Night,0,107,PG-13,20,21,875,754779,1186538,8,29,2011,4,13.53418027,16.81124283,6.774223886,13.98655038
The Whistleblower,0,112,R,,84,70,61002,1124966,74,71,2011,8,11.01866193,,4.248495242,13.93326337
Red State,0,97,R,4,104,5,204230,1104682,58,55,2011,3,12.22700209,15.20180492,1.609437912,13.91506807
There Be Dragons,0,120,PG-13,36,28,259,705537,1069334,11,55,2011,5,13.46671449,17.3990295,5.556828062,13.88254658
Attack the Block,1,88,R,13,63,66,139506,1024175,90,74,2011,7,11.84586289,16.38045992,4.189654742,13.83939797
Meek's Cutoff,0,104,PG,2,140,45,20024,977772,85,54,2011,4,9.904686833,14.50865774,3.80666249,13.79303179
The Beaver,0,91,PG-13,21,56,168,107577,970816,60,56,2011,5,11.58596215,16.860033,5.123963979,13.78589223
Higher Ground,1,109,R,2,133,81,21495,841733,80,63,2011,8,9.975575629,14.50865774,4.394449155,13.64321814
Pariah,0,86,R,0.5,79,24,48579,769552,94,82,2011,12,10.79094662,13.12236338,3.17805383,13.55356381
Hobo With a Shotgun,0,86,Unrated,3,98,21,12046,703372,66,58,2011,5,9.396487934,14.91412285,3.044522438,13.46364119
Terri,0,105,R,,84,36,65103,655802,86,60,2011,7,11.08372591,,3.583518938,13.39361419
Machine Gun Preacher,0,123,R,30,70,93,45130,538690,29,63,2011,9,10.71730249,17.21670794,4.532599493,13.19689555
Creature (2011),0,93,R,3,7,1507,327000,508714,11,16,2011,9,12.69771545,14.91412285,7.317876199,13.13964125
Weekend (2011),0,97,Unrated,0.2,69,26,27245,484592,95,86,2011,9,10.2126253,12.20607265,3.258096538,13.09106258
Submarine,1,97,R,,77,28,41832,467602,86,81,2011,6,10.64141688,,3.33220451,13.05537279
The 5th Quarter,0,101,PG-13,6,21,123,202342,408159,40,63,2011,3,12.21771461,15.60727003,4.812184355,12.91941208
Hesher,0,109,R,7,84,42,126046,382946,54,61,2011,5,11.7444022,15.76142071,3.737669618,12.85564927
Mooz-lum,0,99,PG-13,1.5,49,21,139835,369129,78,78,2011,2,11.84821844,14.22097567,3.044522438,12.81890146
The First Grader,0,103,PG-13,,83,36,20437,332306,59,77,2011,5,9.925102263,,3.583518938,12.71381151
Super,0,90,R,2.5,55,39,46549,327716,49,55,2011,4,10.7482608,14.73180129,3.663561646,12.69990266
Marvel's The Avengers,1,142,PG-13,220,154,4349,207438708,623357910,92,91,2012,5,19.15034647,19.2091381,8.377701213,20.25063141
The Dark Knight Rises,1,165,PG-13,250,147,4404,160887295,448139099,88,90,2012,7,18.89621465,19.33697148,8.390268498,19.92061423
The Hunger Games,1,142,PG-13,78,168,4137,152535747,408010692,84,81,2012,3,18.84290953,18.17221938,8.327726166,19.82680394
Skyfall,1,143,PG-13,200,122,3526,88364714,304360277,92,86,2012,11,18.29698329,19.11382792,8.167919363,19.53372268
The Hobbit: An Unexpected Journey,1,166,PG-13,180,133,4100,84617303,303003568,64,83,2012,12,18.25364933,19.00846741,8.318742253,19.52925514
The Twilight Saga: Breaking Dawn Part 2,1,116,PG-13,120,112,4070,141067634,292324737,49,71,2012,11,18.76475001,18.6030023,8.311398278,19.49337586
The Amazing Spider-Man,1,136,PG-13,230,104,4318,62004688,262030663,73,77,2012,7,17.94272055,19.25358987,8.370547611,19.38397209
Brave,1,100,PG,185,210,4164,66323594,237283207,78,76,2012,6,18.01005626,19.03586638,8.33423143,19.28476495
Ted,1,106,R,50,118,3303,54415205,218815487,68,74,2012,6,17.81215418,17.72753356,8.102586425,19.20373941
Madagascar 3: Europe's Most Wanted,1,93,PG,145,133,4263,60316738,216391482,79,73,2012,6,17.9151202,18.7922443,8.357728417,19.19259974
Dr. Seuss' The Lorax,1,95,PG,70,147,3769,70217070,214030500,54,64,2012,3,18.067102,18.0640058,8.234564993,19.18162909
Wreck-It Ralph,1,108,PG,165,182,3752,49038712,189422889,86,86,2012,11,17.70812058,18.92145603,8.23004431,19.05949258
MIB 3,1,106,PG-13,225,108,4248,54592779,179020854,70,71,2012,5,17.81541218,19.23161096,8.354203563,19.00301286
Django Unchained,1,165,R,100,143,3012,30122888,162805434,88,92,2012,12,17.22079584,18.42068074,8.010359589,18.90806639
Ice Age: Continental Drift,1,94,PG,95,210,3886,46629259,161321843,37,63,2012,7,17.65773878,18.36938745,8.26513563,18.89891195
Snow White and the Huntsman,1,127,PG-13,170,97,3777,56217700,155332381,48,52,2012,6,17.84474221,18.951309,8.236685323,18.86107777
Les Miserables (2012),1,157,PG-13,61,101,2927,27281735,148809770,70,79,2012,12,17.12172799,17.92638442,7.981733287,18.81817934
Hotel Transylvania,1,91,PG,85,144,3375,42522194,148313048,45,72,2012,9,17.56553671,18.25816181,8.124150603,18.81483579
Taken 2,1,91,PG-13,45,140,3706,49514769,139854287,21,53,2012,10,17.71778155,17.62217305,8.217708407,18.75611163
21 Jump Street,1,109,R,42,108,3148,36302612,138447667,85,82,2012,3,17.40740025,17.55318018,8.05452261,18.74600296
Argo,1,120,R,44.5,194,3247,19458109,136025503,96,90,2012,10,16.78377446,17.61099975,8.085486772,18.72835295
Prometheus,1,124,R,130,105,3442,51050101,126477084,73,69,2012,6,17.74831808,18.68304501,8.143807977,18.6555717
Safe House,1,117,R,85,97,3121,40172720,126373434,53,64,2012,2,17.50869872,18.25816181,8.045908742,18.65475184
The Vow,1,104,PG-13,30,94,3038,41202458,125014030,29,63,2012,2,17.53400847,17.21670794,8.018954683,18.64393653
Life of Pi,1,126,PG,120,247,2946,22451514,124987023,87,84,2012,11,16.92686861,18.6030023,7.988203597,18.64372047
Magic Mike,1,110,R,7,91,3120,39127170,113721571,80,61,2012,6,17.48232767,15.76142071,8.045588281,18.54926366
The Bourne Legacy,1,135,PG-13,125,91,3753,38142825,113203870,55,59,2012,8,17.45684822,18.6438243,8.230310799,18.54470091
Journey 2: The Mysterious Island,1,94,PG,79,140,3500,27335363,103860290,42,59,2012,2,17.12369177,18.18495841,8.160518247,18.45855719
Rise of the Guardians,1,97,PG,145,142,3672,23773465,103412758,74,81,2012,11,16.9840806,18.7922443,8.208491752,18.4542389
Flight,1,139,R,31,105,2638,24900566,93772375,78,75,2012,11,17.03040109,17.24949776,7.877776333,18.35638086
Think Like a Man,1,122,PG-13,12,80,2052,33636303,91547205,53,80,2012,4,17.33111649,16.30041721,7.626570206,18.3323653
The Campaign,1,97,R,95,105,3302,26588460,86907746,64,51,2012,8,17.09598785,18.36938745,8.102283624,18.28035772
The Expendables 2,1,102,R,100,98,3355,28591370,85028192,65,67,2012,8,17.16861548,18.42068074,8.118207049,18.25849343
Wrath of the Titans,1,99,PG-13,150,91,3545,33457188,83670083,25,49,2012,3,17.32577721,18.82614585,8.173293439,18.24239204
Jack Reacher,1,130,PG-13,60,91,3352,15210156,80070736,61,67,2012,12,16.53747392,17.90985512,8.117312462,18.198421
Dark Shadows,1,113,PG-13,150,98,3755,29685274,79727149,37,46,2012,5,17.20616166,18.82614585,8.230843564,18.19412073
Parental Guidance,1,104,PG,25,150,3368,14554053,77267296,18,60,2012,12,16.49338007,17.03438638,8.122074375,18.16278135
John Carter,1,132,PG-13,250,112,3749,30180188,73078100,51,60,2012,3,17.22269624,19.33697148,8.229244417,18.10703929
Act of Valor,0,111,R,12,105,3053,24476632,70012847,25,72,2012,2,17.01322942,16.30041721,8.023879993,18.06418931
This Is 40,1,133,R,35,70,2931,11579175,67544505,51,50,2012,12,16.26471878,17.37085862,7.983098941,18.02829727
Contraband,1,110,R,25,63,2870,24349815,66528000,51,57,2012,1,17.00803481,17.03438638,7.962067309,18.01313347
Looper,0,118,R,30,96,2993,20801522,66486205,93,82,2012,9,16.85053672,17.21670794,8.004031508,18.01250504
Tyler Perry's Madea's Witness Protection,1,114,PG-13,20,84,2161,25390575,65653242,21,67,2012,6,17.0498886,16.81124283,7.678326357,17.99989754
Battleship,1,131,PG-13,209,76,3702,25534825,65422625,34,55,2012,5,17.05555376,19.15784481,8.216628493,17.9963787
Mirror Mirror,0,106,PG,85,140,3618,18132085,64935167,49,45,2012,3,16.71319358,18.25816181,8.193676666,17.9888999
Chronicle (2012),1,83,PG-13,12,126,2908,22004098,64575175,85,71,2012,2,16.90673927,16.30041721,7.975220839,17.98334061
Hope Springs,1,121,PG-13,30,75,2441,14650121,63536011,74,56,2012,8,16.49995915,17.21670794,7.80016307,17.96711741
Underworld Awakening,1,88,R,70,49,3078,25306725,62321039,26,62,2012,1,17.04658073,18.0640058,8.032035314,17.94780963
The Lucky One,1,101,PG-13,25,91,3175,22518358,60457138,20,67,2012,4,16.92984145,17.03438638,8.063062911,17.91744521
The Dictator,1,83,R,65,72,3014,17435092,59650222,57,45,2012,5,16.67399551,17.98989783,8.011023379,17.90400843
Total Recall (2012),1,121,PG-13,125,66,3601,25577758,58877969,30,47,2012,8,17.0572337,18.6438243,8.188966864,17.89097754
American Reunion,1,113,R,50,55,3203,21514080,57011521,43,63,2012,4,16.88421816,17.72753356,8.07184315,17.85876393
ParaNorman,0,93,PG,60,140,3455,14087050,56003051,87,72,2012,8,16.46076649,17.90985512,8.147577736,17.84091673
This Means War,1,97,PG-13,65,119,3189,17405930,54760791,26,57,2012,2,16.67232151,17.98989783,8.067462667,17.818485
Project X,1,88,R,12,77,3055,21051363,54731865,28,61,2012,3,16.86247587,16.30041721,8.024534872,17.81795664
The Woman in Black,0,95,PG-13,15,91,2856,20874072,54333290,66,55,2012,2,16.85401837,16.52356076,7.957177323,17.81064767
Paranormal Activity 4,1,95,R,5,79,3412,29003866,53921300,24,35,2012,10,17.18293969,15.42494847,8.135053909,17.80303613
The Devil Inside,1,87,R,1,77,2551,33732515,53261944,6,22,2012,1,17.33397277,13.81551056,7.844240718,17.79073264
The Odd Life of Timothy Green,1,100,PG,40,156,2717,10822903,51854875,33,68,2012,8,16.19717509,17.50439001,7.907283609,17.76395951
Ghost Rider: Spirit of Vengeance,1,95,PG-13,57,84,3174,22115334,51774002,18,32,2012,2,16.91178177,17.85856183,8.062747901,17.76239869
The Grey,0,117,R,25,84,3208,19665101,51580236,79,61,2012,1,16.7943561,17.03438638,8.073402969,17.75864913
Red Tails,1,120,PG-13,58,140,2573,18782154,49876377,40,58,2012,1,16.74841772,17.87595357,7.852827812,17.72505804
The Possession,1,91,PG-13,14,84,2860,17732480,49130154,40,49,2012,8,16.69090854,16.45456789,7.958576904,17.70998354
Diary of a Wimpy Kid: Dog Days,1,94,PG,22,140,3401,14623599,49008662,51,64,2012,8,16.49814715,16.90655301,8.131824785,17.70750762
Sinister,1,110,R,3,84,2542,18007634,48086903,63,61,2012,10,16.70630634,14.91412285,7.840706452,17.68852041
Savages (2012),1,130,R,45,62,2635,16016910,47382068,51,55,2012,7,16.5891556,17.62217305,7.876638461,17.6737544
Here Comes the Boom,1,105,PG,26,130,3014,11816596,45290318,38,66,2012,10,16.28501554,17.0736071,8.011023379,17.62860384
Red Dawn (2012),0,93,PG-13,65,93,2781,14276668,44806783,12,52,2012,11,16.47413715,17.98989783,7.930565854,17.61787009
The Three Stooges,1,92,PG,30,126,3482,17010125,44338224,51,48,2012,4,16.64931931,17.21670794,8.15536212,17.60735771
Resident Evil: Retribution,1,95,R,65,59,3016,21052227,42345531,31,51,2012,9,16.86251691,17.98989783,8.011686729,17.56137345
The Cabin in the Woods,1,95,R,30,91,2811,14743614,42073277,92,73,2012,4,16.5063206,17.21670794,7.941295571,17.55492335
What to Expect When You're Expecting,1,110,PG-13,40,77,3021,10547068,41152203,22,48,2012,5,16.17135846,17.50439001,8.013343181,17.53278802
End of Watch,0,109,R,7,119,2780,13152683,41003371,85,86,2012,9,16.39213633,15.76142071,7.930206207,17.52916484
Rock of Ages,1,123,PG-13,75,63,3470,14437269,38518613,41,54,2012,6,16.48532355,18.13299867,8.151909873,17.46665214
Abraham Lincoln: Vampire Hunter,1,105,R,69,91,3109,16306974,37519139,35,51,2012,6,16.60710343,18.04961706,8.04205641,17.44036173
Lawless,1,115,R,26,93,3138,10001982,37400127,67,75,2012,8,16.11829383,17.0736071,8.051340933,17.43718466
The Guilt Trip,1,95,PG-13,40,79,2431,5290629,37134215,38,39,2012,12,15.4814477,17.50439001,7.796057974,17.43004934
That's My Boy,1,114,R,70,38,3030,13453714,36931089,20,52,2012,6,16.41476576,18.0640058,8.016317899,17.42456427
Trouble with the Curve,1,111,PG-13,60,84,3212,12162040,35763137,50,67,2012,9,16.31383018,17.90985512,8.074649075,17.39242823
The Watch,1,102,R,68,83,3168,12750297,35353000,17,40,2012,7,16.36106512,18.03501826,8.060855753,17.38089381
Frankenweenie,1,87,PG,39,147,3005,11412213,35291068,87,70,2012,10,16.25019466,17.4790722,8.008032847,17.37914046
Step Up Revolution,1,100,PG-13,33,70,2606,11731708,35074677,42,69,2012,7,16.27780582,17.31201812,7.865571758,17.37298998
Tyler Perry's Good Deeds,1,129,PG-13,14,84,2132,15583924,35025791,31,76,2012,2,16.56175043,16.45456789,7.664815785,17.37159523
House at the End of The Street,0,101,PG-13,10,91,3083,12287234,31611916,10,42,2012,9,16.3240714,16.11809565,8.033658428,17.2690447
The Pirates! Band of Misfits,1,88,PG,55,101,3358,11137734,31051126,86,60,2012,4,16.22584936,17.82284374,8.119100838,17.25114563
Joyful Noise,1,118,PG-13,27.5,70,2735,11225190,30932113,33,66,2012,1,16.23367092,17.12969656,7.913886715,17.24730546
The Five-Year Engagement,1,124,R,30,55,2941,10610060,28835528,63,52,2012,4,16.17731317,17.21670794,7.986504939,17.1771188
Cloud Atlas,1,164,R,102,91,2023,9612247,27108272,66,66,2012,10,16.07854857,18.44048337,7.612336837,17.11534948
One For the Money,1,91,PG-13,40,77,2737,11515790,26414527,2,43,2012,1,16.2592297,17.50439001,7.914617709,17.08942468
Alex Cross,1,101,PG-13,35,77,2541,11396768,25888412,12,48,2012,10,16.24884036,17.37085862,7.840312983,17.06930601
Sparkle (2012),0,120,PG-13,14,45,2244,11643342,24397469,57,65,2012,8,16.27024507,16.45456789,7.716015267,17.00998996
Premium Rush,1,91,PG-13,35,59,2255,6030164,20275446,76,60,2012,8,15.61228477,17.37085862,7.720905252,16.82492116
Big Miracle,1,123,PG,40,63,2133,7760205,20157300,73,64,2012,2,15.86451931,17.50439001,7.665284718,16.81907706
Haywire,0,93,R,23,63,2441,8425370,18942396,80,40,2012,1,15.94675795,16.95100477,7.80016307,16.75691314
Man on a Ledge,1,102,PG-13,42,35,2998,8001932,18620000,32,52,2012,1,15.89519357,17.55318018,8.005700679,16.73974683
A Thousand Words,1,91,PG-13,40,84,1895,6176280,18450127,0,47,2012,3,15.63622671,17.50439001,7.546974118,16.73058181
Chernobyl Diaries,1,90,R,1,56,2433,7955307,18119640,19,28,2012,5,15.88934981,13.81551056,7.796880343,16.71250699
Silent Hill: Revelation 3D,0,94,R,20,52,2933,8023036,17529157,5,36,2012,10,15.89782746,16.81124283,7.983781069,16.67937617
Wanderlust,1,98,R,32.5,41,2002,6526650,17450535,59,40,2012,2,15.69140435,17.29675065,7.60190196,16.67488087
Safe (2012),1,95,R,30,56,2271,7892539,17142080,57,59,2012,4,15.88142844,17.21670794,7.727975542,16.65704682
The Raven,0,103,R,26,77,2209,7289642,16008272,23,46,2012,4,15.80196499,17.0736071,7.700295203,16.58861615
The Man with the Iron Fists,1,96,R,15,49,1872,7910980,15634090,49,40,2012,11,15.88376223,16.52356076,7.534762657,16.56496434
Killing Them Softly,1,97,R,15,84,2424,6812900,15026056,75,44,2012,11,15.73432843,16.52356076,7.793174347,16.52529632
Seven Psychopaths,0,109,R,15,70,1480,4174915,15024049,83,71,2012,10,15.24460456,16.52356076,7.299797367,16.52516274
Hit and Run,0,100,R,2,51,2870,4526222,13749300,49,49,2012,8,15.32539815,14.50865774,7.962067309,16.43649847
Dredd,1,95,R,50,42,2557,6278491,13414714,78,72,2012,9,15.65264022,17.72753356,7.846589975,16.41186272
Playing for Keeps,0,95,PG-13,35,76,2840,5750288,13102272,4,42,2012,12,15.5647605,17.37085862,7.951559331,16.38829621
Anna Karenina,0,130,R,49,105,422,320690,12816367,63,50,2012,11,12.6782302,17.70733086,6.045005314,16.36623358
Beasts of the Southern Wild,1,91,PG-13,1.8,268,318,169702,12795746,86,76,2012,6,12.04179924,14.40329722,5.762051383,16.36462333
Silent House,0,85,R,2,56,2124,6661234,12754783,71,36,2012,3,15.71181531,14.50865774,7.661056382,16.3614169
Cirque Du Soleil: Worlds Away,1,91,PG,25,56,840,2162993,12512862,47,58,2012,12,14.58700347,17.03438638,6.733401892,16.34226763
People Like Us,1,115,PG-13,16,63,2055,4255423,12434778,55,62,2012,6,15.26370473,16.58809928,7.628031127,16.33600778
Gone,1,85,PG-13,1,49,2186,4770360,11682205,11,43,2012,2,15.37793233,13.81551056,7.689828669,16.2735773
The Words,0,96,PG-13,6,28,2801,4750894,11494838,22,50,2012,9,15.37384337,15.60727003,7.937731775,16.25740862
Fun Size,1,90,PG-13,14,49,3016,4101017,9409538,25,48,2012,10,15.22674555,16.45456789,8.011686729,16.05723441
Bernie,0,104,PG-13,14,146,332,85805,9206470,90,72,2012,4,11.35983256,16.45456789,5.805134969,16.03541706
Salmon Fishing in the Yemen,0,112,PG-13,50,91,524,225894,9047981,67,64,2012,3,12.32782114,17.72753356,6.261491684,16.0180522
Arbitrage,0,100,R,12,126,256,2002165,7919574,87,63,2012,9,14.50973965,16.30041721,5.545177444,15.88484797
Seeking a Friend for the End of the World,0,94,R,10,14,1625,3822803,7078738,56,53,2012,6,15.15649448,16.11809565,7.393263095,15.7726062
The Collection,0,81,R,10,31,1403,3104269,6842058,37,50,2012,11,14.94828882,16.11809565,7.24636808,15.73859912
Hyde Park on Hudson,0,94,R,,112,246,81362,6376145,36,31,2012,12,11.30666361,,5.505331536,15.66807424
Hitchcock,1,98,PG-13,,112,561,287715,6008677,62,60,2012,11,12.56972569,,6.329720906,15.60871515
Chasing Mavericks,1,111,PG,20,80,2030,2268274,6002756,31,71,2012,10,14.63452975,16.81124283,7.615791072,15.60772926
The Sessions,1,98,R,1,147,516,113467,6002451,94,81,2012,10,11.63926732,13.81551056,6.246106765,15.60767844
Casa De Mi Padre,1,84,R,6,63,475,2287239,5909483,43,36,2012,3,14.64285597,15.60727003,6.163314804,15.59206891
Won't Back Down,1,121,PG,25,56,2517,2603370,5310554,33,62,2012,9,14.77231732,17.03438638,7.830822995,15.48520672
October Baby (2012),0,107,PG-13,1,84,390,1697130,5157886,22,80,2012,3,14.34444915,13.81551056,5.966146739,15.45603736
The Apparition,1,82,PG-13,17,49,810,2841488,4936819,3,25,2012,8,14.85983842,16.6487239,6.697034248,15.41223175
"Jeff, Who Lives at Home",0,83,R,7.5,63,513,855709,4269426,78,62,2012,3,13.65968564,15.83041358,6.240275845,15.26698995
Goon,0,91,R,8,98,242,1232860,4168528,82,70,2012,2,14.02484723,15.8949521,5.488937726,15.24307353
Safety Not Guaranteed,0,85,R,0.8,133,182,97762,4010957,91,80,2012,6,11.49029123,13.59236701,5.204006687,15.20454042
The Cold Light of Day,1,93,PG-13,20,28,1511,1831588,3763583,5,29,2012,9,14.42069391,16.81124283,7.320526962,15.14088199
Nitro Circus the Movie 3D,0,88,PG-13,,65,800,1183701,3377618,6,63,2012,8,13.98415653,,6.684611728,15.03268129
Atlas Shrugged: Part II,0,112,PG-13,10,49,1012,1751572,3336053,5,62,2012,10,14.37602423,16.11809565,6.91968385,15.02029893
Last Ounce of Courage,0,101,PG,20,28,1407,1585994,3329674,0,70,2012,9,14.2767219,16.81124283,7.249215057,15.01838496
Robot & Frank,0,90,PG-13,2.5,137,209,35539,3325038,86,75,2012,8,10.47838596,14.73180129,5.342334252,15.01699166
Celeste and Jesse Forever,1,91,R,0.8,133,586,107785,3094813,70,61,2012,8,11.58789378,13.59236701,6.37331979,14.94523804
Albert Nobbs,0,114,R,7.5,112,245,696088,3014696,56,48,2012,1,13.45323137,15.83041358,5.501258211,14.91900955
Girl in Progress,1,90,PG-13,5,42,322,1384078,2609412,29,54,2012,5,14.14054477,15.42494847,5.774551546,14.77463547
Ruby Sparks,1,104,R,8,93,261,140822,2540106,79,75,2012,7,11.85525196,15.8949521,5.564520407,14.74771637
Sleepwalk with Me,0,81,PG-13,0.8,90,135,68801,2266067,84,71,2012,8,11.13897356,13.59236701,4.905274778,14.63355629
Killer Joe,0,103,NC-17,10,80,75,37900,1987762,78,61,2012,7,10.54270639,16.11809565,4.317488114,14.50251994
Crooked Arrows,0,100,PG-13,5,63,327,257364,1832541,38,63,2012,5,12.4582467,15.42494847,5.789960171,14.42121409
Hysteria,1,100,R,,133,218,35656,1804139,58,54,2012,5,10.48167271,,5.384495063,14.40559403
Your Sister's Sister,0,90,R,0.1,72,101,109221,1636190,83,66,2012,6,11.60112863,11.51292546,4.615120517,14.30788093
A Late Quartet,0,105,R,,132,100,75279,1562546,78,70,2012,11,11.22895649,,4.605170186,14.2618271
"For a Good Time, Call...",0,86,R,1.3,42,107,143935,1251749,55,54,2012,8,11.87711709,14.07787482,4.672828834,14.04005233
Take This Waltz,0,116,R,9.5,91,64,137019,1239692,77,57,2012,6,11.82787488,16.06680236,4.158883083,14.03037352
Woman Thou Art Loosed!: On the 7th Day,0,101,PG-13,3,49,106,641542,1213128,20,69,2012,4,13.37162993,14.91412285,4.663439094,14.00871271
The Deep Blue Sea,0,98,R,3.7,161,61,123841,1126525,79,52,2012,3,11.72675376,15.12384338,4.110873864,13.93464823
Oogieloves In The BIG Balloon Adventure,0,83,G,20,23,2160,443901,1065907,27,68,2012,8,13.00335684,16.81124283,7.677863501,13.87933664
Damsels in Distress,1,98,PG-13,3,140,205,58589,1008455,75,40,2012,4,10.97830224,14.91412285,5.323009979,13.82393001
Unconditional,0,97,PG-13,2,17,312,525192,1005800,67,87,2012,9,13.17151919,14.50865774,5.743003188,13.8212938
Rampart,0,107,R,12,91,106,60446,972512,74,35,2012,2,11.00950568,16.30041721,4.663439094,13.78763769
Darling Companion,1,103,PG-13,12,126,64,39962,793815,22,30,2012,4,10.59568428,16.30041721,4.158883083,13.58460572
Thin Ice,0,94,R,,98,53,183527,790421,69,52,2012,2,12.12011707,,3.970291914,13.58032099
Cosmopolis,0,108,R,20.5,49,65,70339,763556,64,31,2012,8,11.16108169,16.83593544,4.17438727,13.54574175
Coriolanus,1,122,R,7.7,133,21,61136,757195,93,58,2012,1,11.02085617,15.85673089,3.044522438,13.5373761
On the Road,0,124,R,25,132,107,39550,744296,43,34,2012,12,10.58532097,17.03438638,4.672828834,13.52019408
The Paperboy,0,107,R,12.5,49,76,102706,693286,43,34,2012,10,11.53962582,16.3412392,4.33073334,13.44919789
Not Fade Away,0,112,R,20,35,565,19182,610792,70,42,2012,12,9.861727618,16.81124283,6.336825731,13.32251175
Blue Like Jazz,0,106,PG-13,1.2,56,136,261190,595018,38,64,2012,4,12.47300339,13.99783211,4.912654886,13.29634694
"Peace, Love and Misunderstanding",0,96,R,,34,76,105960,590700,29,39,2012,6,11.57081694,,4.33073334,13.28906355
W.E.,1,118,R,29,98,24,47074,583455,13,47,2012,2,10.75947611,17.18280639,3.17805383,13.27672261
Being Flynn,0,86,R,,42,88,43990,540152,51,42,2012,3,10.69171761,,4.477336814,13.19960586
Bachelorette,0,91,R,3,35,60,181494,447954,56,35,2012,9,12.10897787,14.91412285,4.094344562,13.01244583
Seeking Justice,0,105,R,17,21,231,249912,411746,27,39,2012,3,12.42886413,16.6487239,5.442417711,12.92816193
Sound of My Voice,1,85,R,,63,48,36134,408015,74,66,2012,4,10.49498953,,3.871201011,12.91905922
Smashed,1,85,R,0.5,91,50,26943,376597,84,67,2012,10,10.2014788,13.12236338,3.912023005,12.83893093
Piranha 3DD,1,83,R,5,21,86,182237,376512,13,23,2012,6,12.11306332,15.42494847,4.454347296,12.8387052
Red Hook Summer,0,121,R,0.7,104,41,40070,338803,59,33,2012,8,10.5983832,13.45883561,3.713572067,12.7331741
Liberal Arts,0,97,PG-13,,69,31,27435,327345,70,60,2012,9,10.21957485,,3.433987204,12.69876994
Compliance,0,90,R,0.3,77,21,16427,319285,89,61,2012,8,9.706681602,12.61153775,3.044522438,12.6738394
Stolen (2012),0,96,R,35,14,141,183125,304318,16,35,2012,9,12.11792426,17.37085862,4.94875989,12.62582849
Lola Versus,1,89,R,0.15,35,52,31815,252603,35,30,2012,6,10.36769316,11.91839057,3.951243719,12.43957437
Keep the Lights On,0,101,Unrated,,112,10,55574,246112,90,62,2012,9,10.92547074,,2.302585093,12.413542
My Uncle Rafael,0,102,PG-13,1.3,51,14,109747,243616,20,78,2012,9,11.605933,14.07787482,2.63905733,12.40334849
Middle of Nowhere (2012),0,97,R,0.2,63,25,67909,236806,88,71,2012,10,11.12592385,12.20607265,3.218875825,12.37499652
Touchback,0,118,PG-13,5,41,69,66998,204232,38,64,2012,4,11.11241805,15.42494847,4.234106505,12.22701188
The Hunger Games: Catching Fire,1,146,PG-13,130,133,4163,158074286,424668047,89,90,2013,11,18.87857565,18.68304501,8.333991247,19.86681836
Iron Man 3,1,129,PG-13,200,133,4253,174144585,409013994,78,79,2013,5,18.97539646,19.11382792,8.355379895,19.82925993
Despicable Me 2,1,98,PG,76,197,4003,83517315,368061265,74,85,2013,7,18.24056453,18.1462439,8.294799359,19.72375996
Man of Steel,1,143,PG-13,225,98,4207,116619362,291045518,55,76,2013,6,18.57442587,19.23161096,8.344505084,19.48899023
Gravity,1,91,PG-13,100,217,3820,55785112,274092705,97,81,2013,10,17.83701758,18.42068074,8.248005702,19.42897695
Monsters University,1,107,G,200,182,4004,82429469,268492764,78,82,2013,6,18.22745356,19.11382792,8.29504914,19.40833452
The Hobbit: The Desolation of Smaug,1,161,PG-13,225,126,3928,73645197,258366855,74,86,2013,12,18.11476948,19.23161096,8.275885669,19.36989105
Fast & Furious 6,1,130,PG-13,160,105,3771,97375245,238679850,68,84,2013,5,18.39408258,18.89068437,8.235095497,19.29063367
Oz The Great and Powerful,1,127,PG,215,133,3912,79110453,234911825,59,56,2013,3,18.18635557,19.18614859,8.271804031,19.27472079
Star Trek Into Darkness,1,123,PG-13,190,120,3907,70165559,228778661,87,90,2013,5,18.06636814,19.06253463,8.270525095,19.24826555
Thor: The Dark World,1,120,PG-13,170,161,3841,85737841,206362140,65,79,2013,11,18.26680484,18.951309,8.253488028,19.14514314
World War Z,1,116,PG-13,190,112,3607,66411834,202359711,67,72,2013,6,18.01138582,19.06253463,8.190631681,19.12555742
The Croods,1,98,PG,135,182,4065,43639736,187168425,70,78,2013,3,17.59147867,18.72078534,8.310169022,19.04751944
The Heat,1,117,R,43,168,3184,39115043,159582188,65,72,2013,6,17.48201768,17.57671067,8.065893547,18.88806963
We're the Millers,1,110,R,37,121,3445,26419396,150394119,47,72,2013,8,17.089609,17.42642847,8.144679183,18.82876987
The Great Gatsby (2013),1,143,PG-13,105,105,3550,50085185,144840419,49,68,2013,5,17.72923581,18.46947091,8.174702882,18.79114314
The Conjuring,1,112,R,20,105,3115,41855326,137400141,86,82,2013,7,17.54972961,16.81124283,8.043984431,18.73840796
Identity Thief,1,111,R,35,119,3230,34551025,134506920,19,54,2013,2,17.35794777,17.37085862,8.080237416,18.71712621
Grown Ups 2,1,101,PG-13,80,129,3491,41508572,133668525,7,54,2013,7,17.54141052,18.19753719,8.157943507,18.7108736
The Wolverine,1,126,PG-13,120,133,3924,53113752,132556852,69,70,2013,7,17.78794644,18.6030023,8.274866821,18.70252218
Anchorman 2: The Legend Continues,1,119,PG-13,50,65,3507,26232425,125168368,75,55,2013,12,17.0825068,17.72753356,8.16251625,18.64517033
G.I. Joe: Retaliation,1,99,PG-13,130,113,3734,40501814,122523060,28,49,2013,3,17.51685732,18.68304501,8.225235324,18.62380982
Cloudy with a Chance of Meatballs 2,1,95,PG,78,171,4001,34017930,119793567,70,67,2013,9,17.3423983,18.17221938,8.294299609,18.60128054
Now You See Me,1,116,PG-13,75,119,3082,29350389,117723989,50,71,2013,5,17.19481636,18.13299867,8.033334016,18.58385337
The Wolf of Wall Street,1,180,R,100,100,2557,18361578,116900694,76,83,2013,12,16.72577089,18.42068074,7.846589975,18.57683536
Lee Daniels' The Butler,1,132,PG-13,30,182,3330,24637312,116632095,73,79,2013,8,17.0197726,17.21670794,8.110727583,18.57453505
The Hangover Part III,1,100,R,103,85,3565,41671198,112200072,19,45,2013,5,17.54532075,18.45023955,8.178919333,18.53579419
Epic,1,102,PG,100,119,3894,33531068,107518682,64,66,2013,5,17.32798297,18.42068074,8.267192186,18.49317518
Captain Phillips,1,134,PG-13,55,143,3143,25718314,107100855,93,90,2013,10,17.0627139,17.82284374,8.052933037,18.48928152
Jackass Presents: Bad Grandpa,1,93,R,15,91,3345,32055177,102003019,60,62,2013,10,17.28296926,16.52356076,8.115221973,18.44051297
Pacific Rim,1,131,PG-13,190,98,3285,37285325,101802906,72,77,2013,7,17.43411038,19.06253463,8.097121931,18.43854921
This is the End,1,107,R,32,117,3055,20719162,101470202,83,72,2013,6,16.84656953,17.28124646,8.024534872,18.43527574
Olympus Has Fallen,0,120,R,70,112,3106,30373794,98925640,48,67,2013,3,17.22909076,18.0640058,8.041091004,18.40987901
42,1,128,PG-13,40,105,3405,27487144,95020213,79,86,2013,4,17.12922896,17.50439001,8.133000219,18.3696002
Elysium,0,109,R,115,108,3284,29807393,93050117,68,59,2013,8,17.21026701,18.56044269,8.096817471,18.3486488
Planes,1,92,PG,50,133,3716,22232291,90288712,26,50,2013,8,16.91705634,17.72753356,8.2204031,18.31852301
The Lone Ranger,1,149,PG-13,215,100,3904,29210849,89302115,30,52,2013,7,17.19005074,19.18614859,8.269756948,18.30753573
Oblivion,1,125,PG-13,120,70,3792,37054485,89107235,54,61,2013,4,17.42789996,18.6030023,8.240648863,18.30535109
Insidious Chapter 2,0,105,PG-13,5,98,3155,40272103,83586447,38,58,2013,9,17.51116955,15.42494847,8.056743775,18.24139195
Turbo,1,96,PG,135,149,3809,21312625,83028128,67,67,2013,7,16.87481018,18.72078534,8.245121966,18.23469
2 Guns,1,109,R,61,84,3028,27059130,75612460,64,67,2013,8,17.11353503,17.92638442,8.015657615,18.14113164
White House Down,1,137,PG-13,150,80,3222,24852258,73103784,50,63,2013,6,17.02845917,18.82614585,8.077757564,18.10739069
Mama,1,100,PG-13,15,77,2781,28402310,71628180,65,56,2013,1,17.16198104,16.52356076,7.930565854,18.08699913
Safe Haven,0,115,PG-13,28,106,3223,21401594,71349120,12,68,2013,2,16.87897596,17.14771507,8.078067882,18.08309557
The Smurfs 2,1,105,PG,105,110,3867,17548389,71017784,14,58,2013,7,16.68047271,18.46947091,8.260234292,18.07844088
The Best Man Holiday,1,122,R,17,56,2041,30107555,70525195,68,85,2013,11,17.22028669,16.6487239,7.621195163,18.07148058
Percy Jackson: Sea of Monsters,1,106,PG,90,177,3080,14401054,68559554,41,57,2013,8,16.48281196,18.31532023,8.032684876,18.04321333
A Good Day to Die Hard,1,97,R,92,99,3555,24834845,67349198,14,41,2013,2,17.02775827,18.33729914,8.176110342,18.02540155
Warm Bodies,1,97,PG-13,35,98,3009,20353967,66380662,80,73,2013,2,16.82878639,17.37085862,8.009363077,18.01091634
Jack the Giant Slayer,1,114,PG-13,195,105,3525,27202226,65187603,52,56,2013,3,17.11880937,19.08851012,8.167635715,17.99277987
The Purge,1,85,R,3,63,2591,34058360,64473115,38,37,2013,6,17.34358608,14.91412285,7.859799181,17.98175887
Last Vegas,0,90,PG-13,28,112,3237,16334566,63914167,47,60,2013,11,16.60879403,17.14771507,8.082402254,17.9730516
Ender's Game,1,114,PG-13,110,70,3407,27017351,61737191,60,67,2013,11,17.11198985,18.51599092,8.133587418,17.93839708
Prisoners,1,146,R,46,77,3290,20817053,61002302,82,87,2013,9,16.85128306,17.64415195,8.098642844,17.92642216
After Earth,1,100,PG-13,130,80,3401,27520040,60522097,11,37,2013,5,17.13042502,18.68304501,8.131824785,17.9185191
The Secret Life of Walter Mitty,1,114,PG,90,107,2922,12765508,58236838,83,82,2013,12,16.3622574,18.31532023,7.980023592,17.88002867
Escape From Planet Earth,1,89,PG,40,161,3353,15891055,57012977,33,55,2013,2,16.58126693,17.50439001,8.117610746,17.85878947
Free Birds,0,90,PG,55,140,3736,15805237,55750480,18,45,2013,11,16.5758519,17.82284374,8.225770799,17.83639658
Hansel and Gretel: Witch Hunters,1,88,R,50,91,3375,19690956,55703475,15,53,2013,1,16.79567,17.72753356,8.124150603,17.83555309
Evil Dead (2013),0,91,R,17,66,3025,25775847,54239856,62,64,2013,4,17.06494845,16.6487239,8.01466637,17.80892655
Red 2,1,116,PG-13,84,91,3016,18048422,53262560,42,64,2013,7,16.70856882,18.24632736,8.011686729,17.7907442
Tyler Perry's A Madea Christmas,1,105,PG-13,25,63,2194,16007634,52543354,19,73,2013,12,16.58857629,17.03438638,7.693481641,17.77714918
Tyler Perry's Temptation: Confessions of a Marriage Counselor,1,111,PG-13,37,63,2047,21641679,51975354,15,67,2013,3,16.8901316,17.42642847,7.624130586,17.7662802
The Call,0,95,R,13,87,2507,17118745,51872378,43,66,2013,3,16.65568462,16.38045992,7.826842098,17.76429699
Pain and Gain,1,129,R,26,125,3303,20244505,49875291,50,47,2013,4,16.82339396,17.0736071,8.102586425,17.72503627
Gangster Squad,1,113,R,60,84,3103,17070347,46000903,32,58,2013,1,16.65285342,17.90985512,8.040124664,17.64417158
The Internship,1,119,PG-13,58,98,3399,17325307,44672764,34,53,2013,6,16.66767882,17.87595357,8.13123655,17.61487457
Snitch,1,112,PG-13,15,98,2511,13167607,42930462,56,62,2013,2,16.39327036,16.52356076,7.828436359,17.5750922
Riddick,1,119,R,38,56,3117,19030375,42025135,58,55,2013,9,16.76154694,17.45309672,8.04462628,17.55377845
A Haunted House,0,80,R,2.5,52,2160,18101682,40041683,10,52,2013,1,16.71151542,14.73180129,7.677863501,17.50543154
47 Ronin,1,127,PG-13,175,44,2690,9910310,38362475,12,49,2013,12,16.10908619,18.98029653,7.897296473,17.46259033
The Family (2013),0,112,R,30,119,3091,14034764,36918811,29,42,2013,9,16.45704795,17.21670794,8.036249942,17.42423176
Walking with Dinosaurs,1,87,PG,80,112,3243,7091938,36076121,24,42,2013,12,15.7744692,18.19753719,8.084254106,17.40114174
Carrie (2013),1,92,R,30,38,3157,16101552,35266619,49,46,2013,10,16.59442622,17.21670794,8.057377489,17.37844744
Texas Chainsaw 3D,1,92,R,20,56,2659,21744470,34341945,19,42,2013,1,16.89487003,16.81124283,7.885705391,17.35187805
R.I.P.D.,1,96,PG-13,130,70,2852,12691415,33618855,13,39,2013,7,16.35643634,18.68304501,7.955775782,17.33059763
Kevin Hart: Let Me Explain,1,75,R,2.5,51,892,10030463,32244051,63,72,2013,7,16.12113732,14.73180129,6.793466133,17.28884412
Side Effects (2013),0,106,R,30,98,2605,9303145,32172757,83,70,2013,2,16.04586307,17.21670794,7.865187954,17.2866306
Scary Movie 5,1,85,PG-13,20,105,3402,14157367,32015787,4,40,2013,4,16.46574568,16.81124283,8.132118773,17.28173968
The Mortal Instruments: City of Bones,1,120,PG-13,60,47,3118,9336957,31165421,12,59,2013,8,16.04949095,17.90985512,8.04494705,17.25481974
Delivery Man,1,105,PG-13,26,119,3036,7944977,30664106,38,49,2013,11,15.88805046,17.0736071,8.018296139,17.23860334
Grudge Match,1,113,PG-13,40,79,2856,7021993,29807260,29,50,2013,12,15.76455764,17.50439001,7.957177323,17.21026255
One Direction: This is Us,0,92,PG,10,38,2735,15815497,28873374,63,80,2013,8,16.57650084,16.11809565,7.913886715,17.17843041
Kick-Ass 2,1,103,R,28,42,2945,13332955,28795985,29,60,2013,8,16.40574935,17.14771507,7.987864096,17.17574653
The Host (2013),0,125,PG-13,40,63,3202,10600112,26627201,8,50,2013,3,16.17637513,17.50439001,8.071530894,17.09744385
The World's End,0,109,R,20,105,1553,8811790,26004851,89,72,2013,8,15.99160116,16.81124283,7.347943823,17.07379366
21 and Over,0,93,R,13,77,2771,8754168,25682380,28,48,2013,3,15.98504049,16.38045992,7.926963545,17.06131571
Escape Plan,1,116,R,70,91,2883,9885732,25135965,49,57,2013,10,16.10660306,18.0640058,7.966586698,17.03981025
Don Jon,0,90,R,6,105,2422,8677009,24477704,81,60,2013,9,15.97618744,15.60727003,7.792348924,17.01327322
The Incredible Burt Wonderstone,1,100,PG-13,30,56,3160,10177257,22537881,36,33,2013,3,16.13566608,17.21670794,8.058327307,16.93070805
The Big Wedding,1,89,R,35,70,2633,7591663,21819348,7,41,2013,4,15.84256123,17.37085862,7.875879159,16.89830766
Baggage Claim,1,96,PG-13,8.5,84,2230,9031102,21569509,14,52,2013,9,16.01618496,15.95557672,7.709756864,16.88679126
Homefront,0,110,R,22,37,2570,6915241,20158898,42,62,2013,11,15.74923837,16.90655301,7.851661178,16.81915634
Broken City,1,109,R,35,77,2622,8268908,19701164,28,41,2013,1,15.92801301,17.37085862,7.871692664,16.79618828
Beautiful Creatures (2013),1,132,PG-13,60,57,2950,7582595,19452138,46,54,2013,2,15.84136605,17.90985512,7.989560449,16.78346754
Runner Runner,1,91,R,30,66,3026,7706712,19316646,9,34,2013,10,15.8576022,17.21670794,8.014996894,16.77647777
You're Next,1,96,R,1,56,2437,7020196,18494006,74,59,2013,8,15.7643017,13.81551056,7.798523054,16.73295724
Admission,0,117,PG-13,13,77,2161,6154984,18007317,38,33,2013,3,15.63277272,16.38045992,7.678326357,16.70628873
Parker,0,118,R,35,70,2238,7008222,17616641,41,49,2013,1,15.76259459,17.37085862,7.713337889,16.68435452
Dark Skies,1,97,PG-13,3.5,91,2313,8189166,17418667,39,49,2013,2,15.91832262,15.06827353,7.746300662,16.67305301
The Counselor,1,117,R,25,84,3044,7842930,16973715,35,24,2013,10,15.87512305,17.03438638,8.020927719,16.64717653
Jobs,0,122,PG-13,12,49,2381,6713900,16131410,27,41,2013,8,15.71969056,16.30041721,7.775275846,16.59627886
The Last Exorcism Part II,0,88,PG-13,5,35,2700,7728354,15179302,16,27,2013,3,15.86040646,15.42494847,7.901007052,16.53544335
The Last Stand,1,107,R,45,42,2913,6281433,12050299,60,54,2013,1,15.6531087,17.62217305,7.976938757,16.30460003
Out of the Furnace,0,106,R,22,65,2101,5220288,11330849,53,52,2013,12,15.46806313,16.90655301,7.650168701,16.24303956
Dead Man Down,0,110,R,30,42,2188,5345250,10895295,38,47,2013,3,15.49171887,17.21670794,7.690743164,16.2038416
Getaway (2013),1,94,PG-13,18,35,2135,4503892,10501938,2,36,2013,8,15.32045247,16.70588232,7.666221926,16.16707037
Bullet to the Head,1,91,R,55,42,2404,4548201,9489829,46,40,2013,2,15.33024233,17.82284374,7.784889296,16.06573115
Tyler Perry Presents Peeples,1,95,PG-13,15,35,2041,4611534,9177065,35,50,2013,5,15.34407111,16.52356076,7.621195163,16.03221799
Battle of the Year,1,109,PG-13,20,31,2008,4603177,8888355,6,50,2013,9,15.34225728,16.81124283,7.604894481,16.00025255
Movie 43,0,97,R,6,49,2023,4805878,8840453,4,24,2013,1,15.38535031,15.60727003,7.612336837,15.99484868
Machete Kills,0,107,R,20,35,2538,3837183,8008161,29,36,2013,10,15.16024906,16.81124283,7.839131648,15.8959717
Paranoia,0,115,PG-13,35,48,2459,3528376,7385015,5,36,2013,8,15.07634827,17.37085862,7.807510042,15.81496351
Black Nativity,1,92,PG,17.5,51,1525,3669530,7018189,48,53,2013,11,15.11557415,16.67771144,7.329749689,15.76401577
All Is Lost,0,100,PG-13,8.5,133,483,93583,6263670,93,63,2013,10,11.44660402,15.95557672,6.180016654,15.65027683
Pulling Strings,1,112,PG,20,49,438,2467168,5842961,58,73,2013,10,14.71858149,16.81124283,6.08221891,15.58074825
Closed Circuit,0,96,R,,30,870,2464931,5750401,42,31,2013,8,14.71767437,,6.768493212,15.56478015
Much Ado About Nothing (2013),0,107,PG-13,,126,222,171942,4328849,84,78,2013,6,12.05491249,,5.402677382,15.28081224
Frances Ha,0,86,R,,118,233,137398,4069826,93,77,2013,5,11.8306371,,5.451038454,15.2191108
The To-Do List,0,100,R,1.5,21,591,1579402,3491669,51,47,2013,7,14.27255685,14.22097567,6.381816017,15.0658904
Metallica Through the Never,0,93,R,18,31,589,1576561,3419967,78,76,2013,9,14.27075645,16.70588232,6.378426184,15.04514146
Emperor,0,98,PG-13,,98,311,1014099,3346265,31,46,2013,3,13.82951109,,5.739792912,15.02335536
Stand Up Guys,1,93,R,15,35,670,1486390,3310031,37,47,2013,2,14.21186092,16.52356076,6.507277712,15.01246811
The Fifth Estate,1,124,R,28,49,1769,1673351,3255008,37,38,2013,10,14.33033876,17.14771507,7.478169694,14.99570529
In a World,0,93,R,0.8,119,144,70541,2963902,92,71,2013,8,11.16394938,13.59236701,4.9698133,14.9020172
Home Run,0,113,PG-13,1.2,56,381,1582466,2861020,45,83,2013,4,14.27449495,13.99783211,5.942799375,14.86668876
Filly Brown,1,101,R,2,42,259,1478323,2850357,45,74,2013,4,14.2064189,14.50865774,5.556828062,14.86295481
Grace Unplugged,0,102,PG,1.7,63,511,998145,2507201,50,82,2013,10,13.81365384,14.34613881,6.23636959,14.73467755
The Sapphires,1,98,PG-13,10,126,126,38372,2450867,91,76,2013,3,10.55508331,16.11809565,4.836281907,14.7119524
I'm In Love With a Church Girl,0,118,PG,3,40,458,971826,2387730,6,67,2013,10,13.78693206,14.91412285,6.126869184,14.68585368
Trance,1,101,R,20,62,443,131145,2328743,68,63,2013,4,11.78405886,16.81124283,6.09356977,14.66083919
The East,1,116,PG-13,6.5,69,195,77031,2301839,74,65,2013,5,11.25196322,15.68731273,5.272999559,14.64921893
The Christmas Candle,0,100,PG,7,49,392,68655,2258620,18,80,2013,11,11.13684924,15.76142071,5.97126184,14.63026457
Oldboy (2013),0,120,R,30,37,583,885382,2193658,42,38,2013,11,13.69377447,17.21670794,6.368187186,14.60108103
Austenland,1,97,PG-13,7.6,140,274,40662,2159041,30,56,2013,8,10.61304927,15.84365881,5.613128106,14.5851747
The Saratov Approach,0,101,PG-13,,152,84,137226,2146999,,88,2013,10,11.82938448,,4.430816799,14.57958161
The Iceman (2013),0,105,R,10,91,258,87946,1969193,66,63,2013,5,11.38447827,16.11809565,5.552959585,14.49313437
Stoker,1,99,R,12,69,275,160547,1714221,69,61,2013,3,11.98634201,16.30041721,5.616771098,14.35446931
Unfinished Song,1,93,PG-13,,105,91,25728,1702668,64,70,2013,6,10.15533517,,4.510859507,14.34770699
Bless Me Ultima,0,106,PG-13,,48,263,470109,1553826,71,74,2013,2,13.06071986,,5.572154032,14.25623083
Disconnect,0,115,R,20,42,180,124000,1436900,68,76,2013,4,11.72803684,16.81124283,5.192956851,14.17799857
Girl Most Likely,0,103,PG-13,,56,351,694447,1378591,21,33,2013,7,13.45087112,,5.860786223,14.13657252
The Kings of Summer,0,93,R,1.5,56,65,58962,1315590,75,78,2013,5,10.98464845,14.22097567,4.17438727,14.08979579
The Invisible Woman,1,111,R,19.2,142,153,31948,1234254,76,46,2013,12,10.37186486,16.77042084,5.030437921,14.0259773
The Lords of Salem,0,100,R,1.5,28,354,642942,1165882,45,30,2013,4,13.3738098,14.22097567,5.869296913,13.96898844
Romeo and Juliet (2013),0,102,PG-13,24,56,461,520116,1162635,22,49,2013,10,13.16180714,16.99356439,6.133398043,13.96619954
What Maisie Knew,0,99,R,6,91,122,21480,1066471,87,80,2013,5,9.974877549,15.60727003,4.804021045,13.87986562
Thanks for Sharing,0,110,R,,42,269,536591,1065881,49,43,2013,9,13.19299144,,5.59471138,13.87931225
Phantom (2013),0,97,R,18,17,1118,508000,1034589,25,34,2013,3,13.13823673,16.70588232,7.019296654,13.8495148
Kill Your Darlings,1,104,R,,135,78,53452,1030064,76,61,2013,10,10.88653933,,4.356708827,13.84513149
Short Term 12,0,96,R,1,182,75,56206,1013100,99,92,2013,8,10.93677879,13.81551056,4.317488114,13.8285255
Ginger & Rosa,0,90,PG-13,20,84,99,42838,1012973,80,50,2013,3,10.66518084,16.81124283,4.59511985,13.82840013
Only God Forgives,0,89,R,4.8,49,81,313958,779188,40,37,2013,7,12.6570145,15.38412648,4.394449155,13.56600763
Parkland,0,93,PG-13,10,35,257,310246,653651,48,47,2013,10,12.64512081,16.11809565,5.549076085,13.39032885
To The Wonder,0,113,R,,91,60,116551,587615,45,38,2013,4,11.66608422,,4.094344562,13.28382725
The Reluctant Fundamentalist,0,128,R,15,48,58,30920,552959,54,63,2013,4,10.3391585,16.52356076,4.060443011,13.22303914
The Lost Medallion,0,97,PG,2.5,76,68,143532,549632,,53,2013,3,11.87431329,14.73180129,4.219507705,13.21700424
The Inevitable Defeat of Mister and Pete,1,108,R,3,21,147,254279,494608,90,88,2013,10,12.44618737,14.91412285,4.990432587,13.11152081
Upstream Color,0,96,Unrated,,84,43,28649,444098,84,70,2013,4,10.26287382,,3.761200116,13.00380054
Ain't Them Bodies Saints,0,90,R,4,48,44,26419,396519,79,62,2013,8,10.18183873,15.20180492,3.784189634,12.89047924
At Any Price,1,105,R,4.5,100,81,16095,380594,50,33,2013,4,9.686263944,15.31958795,4.394449155,12.84948847
Lovelace,0,92,R,10,28,118,184536,356582,54,37,2013,8,12.12559985,16.11809565,4.770684624,12.78431951
Drinking Buddies,0,90,R,0.5,91,33,19505,343341,83,49,2013,8,9.878426122,13.12236338,3.496507561,12.7464794
Diana,0,113,PG-13,15,28,100,67754,335359,8,26,2013,11,11.12363878,16.52356076,4.605170186,12.72295688
